labels 6 9 3 10 2 1 5 4 7 8
2 0.00302927 0.00266138 0.132512 0.00602628 0.808152 0.0141282 0.00480485 0.0247382 0.00246173 0.00148695
4 0.00561535 0.00450229 0.00953433 0.366317 0.00421147 0.00416528 0.042864 0.548561 0.0050551 0.00917416
3 0.00259727 0.00730287 0.890364 0.00126251 0.000158688 0.0828017 0.000616921 0.0138415 0.000536681 0.000517775
4 0.00571935 0.0222214 0.0148511 0.0433923 0.0286064 0.12932 0.0213153 0.716348 0.0134977 0.00472863
6 0.751725 0.00768543 0.018129 0.0996912 0.0137809 0.0144645 0.0181378 0.0568336 0.0140144 0.00553773
7 0.0221379 0.0033099 0.00188096 0.00181261 0.00314712 0.00290371 0.0217915 0.00968831 0.93183 0.00149827
5 0.00877747 0.00133428 0.00220623 0.00106537 0.00910792 0.00401012 0.955751 0.0119762 0.0052212 0.000550462
4 0.011088 0.00801322 0.0266671 0.203191 0.0633008 0.0546105 0.0266018 0.57984 0.00928166 0.0174053
2 2.5877e-010 2.73415e-010 4.45756e-010 9.5486e-011 0.999999 1.68104e-008 2.93343e-008 5.98308e-008 8.11952e-007 2.14427e-007
10 0.00143362 0.00314558 0.00418019 0.829905 0.00250682 0.00598981 0.00159371 0.0563453 0.00141929 0.093481
7 3.64614e-010 1.85945e-010 1.83208e-010 1.23494e-010 1.04462e-010 9.83898e-011 1.84604e-010 2.13852e-010 0.999999 6.26069e-007
10 0.000139856 0.00058663 0.000221677 0.986638 0.000101748 0.000634061 0.000129107 0.00625434 0.000137993 0.00515624
4 0.0559644 0.0620562 0.0707628 0.14415 0.0924739 0.0574382 0.107516 0.358294 0.026839 0.024505
2 9.63057e-005 0.000260593 0.000331167 0.000161142 0.998497 0.000138432 0.000111641 0.000142074 0.000159044 0.000102803
3 0.000594168 0.00293912 0.985811 0.00166154 0.00280728 0.000798161 0.000632848 0.00358427 0.000945724 0.000226323
4 6.49527e-005 0.000165763 0.00880783 0.00322617 6.31033e-005 0.00333417 7.03842e-005 0.95367 5.29779e-005 0.0305442
6 0.935464 0.00504226 0.00460817 0.0201466 0.00357029 0.0090773 0.00552961 0.00980036 0.00586667 0.000894751
5 0.00973093 0.00560505 0.0133486 0.030438 0.00641293 0.0276062 0.844641 0.042443 0.0088335 0.0109404
10 3.8652e-008 4.2842e-008 4.87887e-008 0.999917 2.38959e-007 1.87936e-005 9.76916e-007 1.91093e-005 1.85519e-005 2.56422e-005
10 0.0153924 0.014719 0.0483153 0.524677 0.0132986 0.212177 0.0132318 0.142115 0.0121926 0.00388143
10 1.75067e-009 2.10312e-009 1.57736e-009 0.999981 1.40347e-008 1.23705e-006 1.40656e-007 1.12873e-006 7.45285e-007 1.56953e-005
10 0.000482908 0.000301351 0.000322821 0.993608 0.000215153 0.000930424 0.000340462 0.00244437 0.000272059 0.00108233
5 0.00271069 0.000890616 0.00018121 2.44826e-005 4.53639e-005 0.000330163 0.995387 0.000243363 0.000120111 6.66566e-005
4 0.0077298 0.0123866 0.018196 0.0390573 0.0161542 0.0708909 0.0482538 0.43881 0.0150566 0.333465
6 0.960925 0.00407422 0.000692922 0.000436608 0.000257705 0.000490598 0.00715151 0.00101282 0.0248169 0.000141944
3 0.000665676 0.00211422 0.971993 0.00125988 0.00113011 0.00790866 0.00183692 0.00606565 0.000664024 0.00636225
2 0.000651941 0.000327498 0.000279454 0.000311767 0.995492 0.00042567 0.00121127 0.000473801 0.000688732 0.000137494
3 0.00163747 0.00409137 0.833624 0.00900276 0.0205621 0.0119015 0.00227344 0.113211 0.00219281 0.0015033
6 0.991574 4.49031e-005 4.21053e-005 1.06326e-005 3.54112e-005 5.99082e-005 0.00742343 2.62589e-005 0.000761602 2.19644e-005
9 0.0012935 0.993527 0.00202499 0.000423068 0.000131629 0.000339272 0.000348756 0.000665429 0.00099402 0.000252222
2 0.000359245 0.000697011 0.00160636 0.000587642 0.993838 0.000887353 0.000353835 0.000728313 0.000614392 0.000328083
9 4.65307e-006 0.995117 0.00380331 6.72005e-005 0.000329814 0.000156334 6.99262e-005 0.000322606 8.82539e-005 4.12193e-005
4 0.000679291 0.000643505 0.00538657 0.000553917 0.000741012 0.027991 0.0159238 0.833206 0.00091172 0.113963
6 0.797259 0.00615355 0.00353378 0.00133099 0.00187277 0.00234523 0.0182582 0.00336305 0.165236 0.000647046
3 0.000277766 0.000945602 0.989284 0.000457735 0.000399834 0.000920814 0.000306132 0.00688019 0.000338321 0.000189624
10 0.00216591 0.00607601 0.00461759 0.80958 0.00147317 0.0068806 0.00190597 0.0792171 0.00173967 0.0863442
10 0.000190826 0.000135733 0.000308134 0.997609 3.22817e-005 0.00079229 0.000100215 0.000389977 0.000142587 0.000298858
5 0.0182191 0.00667336 0.0128869 0.00392718 0.0312939 0.201887 0.436361 0.159696 0.00541538 0.12364
2 0.0005707 0.000899964 0.00082089 0.000516297 0.994117 0.00053149 0.000301739 0.000666839 0.00142828 0.000146545
8 0.00110381 0.000967599 0.00217561 0.012884 0.00142045 0.00185757 0.00190911 0.0583215 0.00186921 0.917491
6 0.917523 0.0021821 0.0265899 0.00167853 0.00107998 0.00349952 0.0202634 0.00515443 0.0215137 0.000515342
1 0.00940543 0.00333214 0.00795259 0.0166768 0.0326998 0.81451 0.0346516 0.0632221 0.00895659 0.00859277
5 1.19045e-006 4.93328e-007 9.31283e-007 6.77622e-007 5.39403e-007 1.22013e-006 0.998544 0.0014033 5.91813e-006 4.1439e-005
10 0.180106 0.00816678 0.0481037 0.410913 0.0394066 0.0685186 0.0823059 0.131294 0.018448 0.0127374
2 0.000463104 0.000380571 0.0012831 0.000461259 0.994336 0.00103271 0.000444241 0.000671866 0.000538762 0.000388656
8 0.002929 0.00327919 0.00261127 0.0960171 0.00243261 0.018149 0.00318888 0.0800575 0.00349178 0.787844
2 0.00243159 0.00308008 0.358014 0.00184416 0.614349 0.00330366 0.00200684 0.0123272 0.00193778 0.000705776
9 6.16525e-007 0.998717 0.000598203 6.58827e-005 1.76535e-005 5.17408e-005 2.93809e-005 0.000113905 5.81157e-005 0.000347724
10 0.00103019 0.000858838 0.00314429 0.962035 0.00096349 0.00512764 0.00560284 0.0115656 0.000824359 0.00884731
3 0.000214179 0.000842542 0.996088 9.72167e-005 0.00034963 0.000149003 0.000272131 0.00158355 0.000338833 6.46946e-005
5 0.00152571 0.000541382 0.001468 0.000494606 0.000867183 0.00178173 0.980657 0.0110263 0.00115567 0.000482631
5 0.0102097 0.000102476 5.9959e-006 3.48306e-006 5.08542e-006 5.46716e-005 0.98937 2.12005e-005 0.000166782 6.10225e-005
8 0.000294884 0.00140374 0.000717131 0.0233049 0.000405833 0.00128377 0.000250716 0.0061476 0.000324913 0.965866
5 3.36564e-007 9.565e-008 9.58995e-008 4.92118e-008 3.6021e-008 9.84984e-008 0.999953 1.05126e-005 7.59044e-006 2.86845e-005
2 1.0077e-007 1.08375e-007 1.47978e-007 7.63772e-008 0.999935 2.42432e-006 4.61902e-006 1.54634e-006 4.7487e-005 8.88216e-006
8 0.000423219 0.000365013 0.000132051 0.000246737 0.000121902 0.00170557 0.00154843 0.0017413 0.000452256 0.993264
9 4.17185e-006 0.996424 0.0027081 0.000125398 2.36979e-005 3.70136e-005 2.9159e-005 0.000462966 0.000108466 7.69748e-005
3 0.00155297 0.0055074 0.957062 0.00275348 0.00326721 0.00160746 0.00179332 0.0240234 0.0017943 0.000638852
3 4.50124e-005 9.84321e-005 0.965071 0.000210221 7.99638e-005 3.89136e-005 1.84946e-005 0.0343738 2.07503e-005 4.29291e-005
10 0.00211713 0.00314573 0.0044225 0.973724 0.00119155 0.00258431 0.000992832 0.00986864 0.000816619 0.00113643
2 0.000201928 0.000482577 0.000382505 0.000152454 0.997841 0.00016443 0.000123033 0.000199836 0.000328973 0.000123268
2 2.74537e-005 9.82964e-005 0.000779005 2.61915e-005 0.998874 2.80316e-005 1.55005e-005 2.66916e-005 8.26245e-005 4.21953e-005
5 0.00754867 0.00341796 0.362153 0.00408542 0.00413729 0.150033 0.426314 0.0120164 0.0282675 0.00202612
10 0.00296258 0.00221061 0.00313983 0.978449 0.000970025 0.00216871 0.000958487 0.0042838 0.00178861 0.00306863
6 0.999622 1.77065e-007 3.84117e-008 5.04862e-008 4.07083e-008 7.82596e-008 0.000372392 8.31768e-008 4.1757e-006 4.83787e-007
10 0.00012005 0.000243278 0.00024099 0.997903 7.61454e-005 0.000517646 8.33037e-005 0.000371019 0.00016308 0.00028115
2 0.000519314 0.00160101 0.319883 0.00117937 0.670311 0.00104606 0.000401447 0.00403827 0.000570983 0.000449374
4 0.00912015 0.00633827 0.056482 0.0413788 0.0746438 0.0691345 0.187544 0.532402 0.0088244 0.0141325
5 0.00131223 0.000187331 0.000493163 3.24263e-005 6.28983e-005 0.0011171 0.992148 0.00223353 0.000421248 0.00199211
8 7.15916e-005 4.99063e-005 1.02974e-005 1.46568e-005 1.7581e-005 0.000402388 0.000154747 0.000299927 8.00286e-005 0.998899
2 4.53744e-011 5.47156e-011 1.28059e-010 2.85389e-011 0.999999 1.33344e-007 3.0555e-008 5.62872e-008 3.06959e-007 4.3503e-007
6 0.932185 0.000461942 0.000505128 0.000253982 0.000913762 0.00432151 0.0498861 0.00112276 0.0098974 0.000452163
8 0.00131871 0.00139823 0.00207031 0.00714048 0.00119409 0.183976 0.00806522 0.0398979 0.0024231 0.752516
7 0.00493058 0.0015688 0.00640459 0.000675066 0.00283388 0.00868885 0.08884 0.0383013 0.84449 0.00326649
2 1.63977e-007 1.38864e-007 4.1322e-007 2.14731e-007 0.999857 1.90259e-005 8.65596e-006 4.99025e-006 6.78931e-005 4.11933e-005
9 0.00135048 0.991758 0.00293829 0.000601241 0.000326917 0.000321178 0.00092758 0.000857146 0.00070117 0.00021788
1 0.00373853 0.000891431 0.00119161 0.00166781 0.00152622 0.944674 0.0170428 0.00713732 0.00638005 0.0157498
2 0.000158807 0.000139207 7.93204e-005 6.11399e-005 0.998819 0.000357679 8.76011e-005 0.000114614 9.96655e-005 8.28623e-005
4 4.46282e-005 0.000226084 0.000648386 0.000446943 4.39231e-005 7.63607e-005 0.000103312 0.99779 0.000133609 0.000486531
3 0.000378409 0.000602236 0.981982 0.000516638 0.0118125 0.000549124 0.000435241 0.0030834 0.000563516 7.67655e-005
2 0.0006841 0.00074947 0.00181092 0.00102047 0.990999 0.000959744 0.000810422 0.0010786 0.000966219 0.000921097
4 0.00293289 0.00549186 0.174037 0.0376998 0.00693173 0.150436 0.00393013 0.613187 0.00232359 0.00302991
7 2.52008e-009 1.32583e-009 1.14352e-009 1.00715e-009 1.03255e-009 1.74367e-009 2.2056e-009 1.6282e-009 0.999996 3.72535e-006
7 0.00036214 0.0001145 0.000930819 2.0166e-005 6.37701e-005 0.000123807 0.00026446 0.000278059 0.99782 2.22507e-005
2 4.37686e-011 7.91798e-011 1.5597e-010 5.3182e-011 0.999999 2.72581e-008 2.41752e-008 6.81454e-008 4.42206e-007 6.52378e-007
4 0.0070011 0.010835 0.150673 0.286533 0.0183582 0.0272824 0.0119598 0.452821 0.0157097 0.0188269
4 0.000417632 0.000312007 0.0323454 0.00350103 0.000333059 0.000498765 0.000329339 0.958297 0.000317577 0.00364789
10 0.000443792 0.000748785 0.000853021 0.992178 0.000514891 0.00162855 0.000418727 0.00130556 0.00053377 0.00137526
4 0.00736837 0.00933698 0.131276 0.161504 0.0162087 0.0141006 0.0273014 0.604553 0.0102584 0.0180918
4 0.00619796 0.00671045 0.0276345 0.0391389 0.0263195 0.0326568 0.0325738 0.726547 0.0112301 0.0909906
4 0.0428655 0.0208559 0.0275307 0.0572607 0.0640595 0.0621058 0.180504 0.471231 0.053611 0.0199764
4 0.0289215 0.00830479 0.0209707 0.0057585 0.00802999 0.0543425 0.369054 0.41898 0.0172703 0.0683684
6 0.394909 0.00863765 0.00321104 0.00350853 0.00515669 0.1806 0.16726 0.0297998 0.0272739 0.179643
10 0.0013705 0.00547164 0.00358843 0.927796 0.00279817 0.00749745 0.00712887 0.0165329 0.00177746 0.0260387
3 0.00221136 0.00450059 0.821232 0.00156468 0.000637877 0.16282 0.00226691 0.00318797 0.00115569 0.000423117
6 0.998555 0.000120981 2.3849e-005 1.02873e-005 1.10199e-005 3.81621e-005 0.000626898 4.31505e-005 0.000516969 5.33866e-005
10 0.00173574 0.000846645 0.00183044 0.729666 0.000699854 0.00197558 0.00113105 0.259799 0.000794115 0.00152183
9 1.73356e-008 0.99979 0.000139144 1.57761e-005 1.53624e-006 1.34595e-006 4.46638e-006 2.16638e-005 1.9819e-005 6.17186e-006
4 0.0247395 0.028403 0.0310732 0.0250624 0.0464875 0.118599 0.114921 0.468921 0.0222965 0.119497
10 0.00240163 0.00500707 0.0116784 0.8082 0.00254671 0.00694805 0.00806943 0.143665 0.00498024 0.00650351
7 0.000295045 0.000688323 0.000661239 0.000351905 0.000282465 0.000258179 0.000191289 0.000792232 0.996355 0.000124052
3 0.00744662 0.0128008 0.376975 0.0324916 0.00478716 0.278579 0.011754 0.262792 0.00493678 0.00743725
3 0.00600803 0.00412861 0.762384 0.00373097 0.178837 0.00764081 0.00280714 0.0317533 0.00178896 0.000921905
5 0.00291021 0.00307329 0.0147834 0.0063573 0.00767076 0.00975353 0.743544 0.205528 0.00354941 0.0028309
2 0.0309234 0.140917 0.142355 0.109383 0.18498 0.0838812 0.0275012 0.172939 0.0984722 0.00864691
2 0.000104443 0.000170207 0.000589168 9.85652e-005 0.9984 0.000133092 6.03591e-005 0.000185857 0.000161926 9.67147e-005
2 6.63868e-008 6.13731e-008 2.16466e-007 7.67787e-008 0.999919 6.20409e-006 2.8609e-006 1.55375e-006 5.6245e-005 1.3771e-005
10 0.00127183 0.00136229 0.00279107 0.986717 0.000960435 0.00261546 0.000747547 0.0023166 0.000723792 0.000493576
4 0.00274643 0.00516762 0.0221749 0.277061 0.00692194 0.0331497 0.00670552 0.617467 0.00398282 0.0246225
10 0.000241333 0.000245439 0.00109054 0.996461 0.000132344 0.000491175 9.99527e-005 0.000884686 0.000138101 0.000215667
4 0.0188322 0.0371005 0.0275355 0.0181341 0.00359363 0.0317417 0.0125844 0.828794 0.00550011 0.0161844
4 0.00916893 0.00324881 0.00165137 0.00632228 0.00181003 0.0300092 0.0229726 0.823704 0.00604822 0.0950644
9 0.0026644 0.98866 0.00130695 0.000473342 0.000534225 0.00055603 0.00197742 0.00234734 0.000988806 0.00049168
4 0.000200931 0.000343749 0.00052781 0.013615 9.02874e-005 0.000976316 0.000175293 0.975746 0.000443059 0.00788129
3 0.00306825 0.00760247 0.951433 0.00479394 0.00644362 0.00471501 0.00241898 0.0150373 0.00367244 0.000814993
2 0.000320144 0.00131676 0.405309 0.00025934 0.591183 0.000287112 0.000232385 0.000742497 0.00020917 0.000140918
8 5.19338e-009 3.59649e-009 4.21459e-009 9.12204e-009 3.35983e-009 1.43605e-008 6.3204e-009 1.55926e-008 4.47423e-009 1
10 0.000150191 0.000242026 0.000110513 0.998078 4.34704e-005 0.000251606 7.42351e-005 0.000407649 0.000135673 0.000506374
10 0.000370568 0.000426087 0.00109731 0.995225 0.0002329 0.0007707 0.000212988 0.000938636 0.000320273 0.000405662
6 0.513337 0.00416274 0.0181524 0.0143679 0.0350308 0.0148757 0.36388 0.0265591 0.00725386 0.00238134
10 0.00154204 0.00120437 0.00256495 0.978993 0.00157622 0.00214096 0.00164002 0.00610545 0.00246235 0.00177018
3 0.000955471 0.00232473 0.991016 0.00138675 0.000485887 0.000739948 0.000166614 0.00263062 0.000218144 7.53923e-005
3 0.0067017 0.00996208 0.631762 0.0140021 0.00692705 0.078042 0.00860264 0.229189 0.0116073 0.00320439
10 0.00678869 0.00573084 0.00429776 0.878173 0.00267372 0.0132243 0.00801972 0.0267414 0.00659785 0.0477528
1 0.000117501 0.000334082 0.0153476 0.000384048 0.000201757 0.97988 0.0005224 0.00271184 7.54922e-005 0.000425168
9 1.73238e-008 0.999846 8.73712e-005 1.3031e-005 5.28434e-006 7.27358e-006 5.0368e-006 1.44828e-005 1.03018e-005 1.16836e-005
2 0.0118001 0.00496257 0.0156842 0.00796471 0.897151 0.0154786 0.0244847 0.0141498 0.00549002 0.00283456
4 0.00802836 0.00391473 0.00671812 0.162343 0.00404382 0.0145455 0.00773978 0.754945 0.00514327 0.0325793
10 0.000227088 0.000940348 0.000566087 0.995978 0.000170995 0.0006349 0.000175814 0.00056249 0.000319554 0.000424848
3 0.00583898 0.0096856 0.748222 0.00435991 0.00410136 0.074808 0.0145301 0.0305291 0.105495 0.00243009
9 0.0036159 0.924549 0.0375911 0.0067899 0.0032545 0.00319733 0.00417025 0.00890855 0.00483374 0.00308996
7 4.02656e-010 2.3113e-010 1.63284e-010 1.00702e-010 9.43117e-011 1.19687e-010 2.79789e-010 1.7443e-010 0.999999 6.47082e-007
9 0.012706 0.808014 0.00346355 0.00200676 0.00204419 0.0322419 0.0207524 0.014349 0.0219688 0.0824538
2 1.95912e-007 1.68707e-007 5.81198e-007 2.51463e-007 0.999891 1.04948e-005 7.41713e-006 3.13411e-006 5.06416e-005 3.65457e-005
4 0.00447401 0.00106918 0.000595107 0.00218123 0.000348157 0.00280947 0.00400798 0.978979 0.00202368 0.0035124
1 0.00142223 0.00135507 0.0088637 0.00210647 0.00194671 0.946313 0.00172678 0.00714443 0.00166693 0.027455
5 0.00283435 0.00011144 4.01902e-005 3.54146e-005 4.89473e-005 6.18882e-005 0.84596 8.87225e-005 0.150796 2.26895e-005
7 3.73449e-009 1.05563e-009 9.30648e-010 8.44025e-010 1.4092e-009 1.49847e-009 2.08426e-009 2.17902e-009 0.999997 2.6768e-006
5 0.0156253 0.00191178 0.00739295 0.00504402 0.0549793 0.030035 0.848397 0.0148805 0.0201959 0.00153861
4 0.0056064 0.00322908 0.0135904 0.00252246 0.0039119 0.00658116 0.0120475 0.945512 0.00435661 0.00264227
10 1.49061e-007 2.1154e-007 2.72512e-007 0.999554 3.00497e-007 7.61194e-006 9.98336e-007 0.000126675 3.7713e-006 0.000306069
1 0.000445836 0.000218799 0.000346336 0.000205075 0.000533645 0.990535 0.00592128 0.00138443 0.000232355 0.000176789
10 0.00541324 0.00337145 0.0079336 0.931568 0.00497154 0.00743265 0.00484534 0.0236696 0.00522099 0.00557344
2 0.000323259 0.000139139 0.000448476 0.000124808 0.996088 0.000806148 0.00121857 0.00042359 0.000219778 0.000208184
5 0.00432019 0.00362946 0.00861541 0.00465884 0.0129334 0.015962 0.897752 0.0389797 0.00862312 0.00452593
9 4.29516e-007 0.999551 0.000210341 1.9101e-005 7.39031e-006 1.39361e-005 2.84838e-005 2.25715e-005 0.000111491 3.50346e-005
10 1.37991e-005 1.96159e-005 1.79426e-005 0.991123 1.0647e-005 5.24443e-005 1.63727e-005 0.00625245 6.4011e-006 0.0024876
8 0.00362989 0.00402646 0.00506832 0.0263656 0.00159167 0.0173529 0.00456841 0.0472974 0.00320444 0.886895
10 4.41011e-008 5.90467e-008 9.03704e-008 0.999823 6.49294e-007 1.47705e-005 2.35005e-006 8.75993e-006 3.04977e-006 0.000146965
6 0.987036 0.00962947 0.000110404 1.04478e-005 9.54734e-006 3.01626e-005 0.00223021 0.000135799 0.000718133 8.93953e-005
10 1.84605e-008 1.67716e-008 1.86455e-008 0.999943 9.53098e-008 8.11471e-006 1.46179e-006 6.38137e-006 6.03359e-006 3.49887e-005
9 0.0307192 0.758216 0.0514125 0.0287263 0.0146722 0.0224696 0.0148386 0.0516579 0.0173018 0.0099861
3 0.000249562 0.000837766 0.985475 0.00025698 0.00952842 0.000346748 0.000340345 0.00210338 0.000234074 0.00062789
10 0.000626148 0.000294319 0.00031253 0.988958 6.46e-005 0.00223892 0.000161252 0.0062781 0.000220119 0.000846311
4 0.00943259 0.00906754 0.0392799 0.0271045 0.024697 0.0774678 0.116536 0.532768 0.0146442 0.149002
2 0.000368183 0.000741262 0.000351223 0.00021307 0.996402 0.000516744 0.000270573 0.000356446 0.000447721 0.000333136
4 0.00627422 0.00539026 0.0805526 0.0488967 0.00671896 0.0109547 0.00892872 0.814992 0.00414058 0.0131514
6 0.917528 0.000119642 7.91022e-005 5.24092e-005 0.0001954 0.00014801 0.0806044 0.000236315 0.000862437 0.000174432
2 0.00144526 0.000660829 0.00417139 0.000733295 0.988668 0.000951872 0.000675962 0.00142227 0.000747295 0.000523503
3 0.000136011 0.000422936 0.549705 7.67337e-005 0.449159 7.14664e-005 8.88363e-005 0.000234383 5.81046e-005 4.7982e-005
10 0.00787918 0.00512824 0.00314097 0.93858 0.00212928 0.0230144 0.00306733 0.0112652 0.0047162 0.00107946
1 0.000139118 0.000377028 0.000419018 0.000894375 0.000401344 0.99002 0.000820434 0.00188053 0.000451742 0.0045963
3 0.00118427 0.00610252 0.980778 0.00105571 0.00198195 0.00167519 0.001162 0.00456777 0.000977611 0.00051507
10 6.48063e-009 7.30737e-009 1.06789e-008 0.999962 2.75152e-007 8.43349e-006 8.47133e-007 5.38167e-006 8.40262e-006 1.46924e-005
8 0.00220346 0.000706275 0.000868755 0.00687474 0.000380189 0.0215089 0.00130536 0.0105835 0.000682562 0.954886
7 4.14408e-009 1.93817e-009 1.07069e-009 9.52621e-010 1.22137e-009 1.44918e-009 2.84143e-009 1.80396e-009 0.999998 2.08445e-006
4 0.0377236 0.0266224 0.127858 0.100459 0.0122987 0.0212419 0.0214959 0.614243 0.0206744 0.0173828
7 0.00202007 0.00284597 0.00225307 0.00130813 0.0018163 0.00139594 0.00153817 0.00336845 0.982475 0.000979181
3 0.00267947 0.0113168 0.673927 0.0130126 0.00431533 0.0157923 0.00274492 0.267204 0.00287049 0.00613624
7 2.25598e-007 1.09164e-007 6.12777e-008 6.26402e-008 4.83497e-008 6.4914e-008 1.33892e-007 9.86672e-008 0.99999 8.78131e-006
9 1.28941e-009 0.99997 1.55941e-005 1.72556e-006 2.23006e-007 6.2802e-007 9.75607e-007 1.46225e-006 5.9253e-006 3.0365e-006
1 6.05246e-005 0.000140381 0.000282909 0.000175551 2.69055e-005 0.997564 0.000415896 0.000721949 8.14316e-005 0.000530885
9 0.00270887 0.977527 0.00658096 0.00108727 0.000813147 0.00131787 0.00181359 0.00236629 0.00250617 0.00327879
5 0.000612069 0.000595613 0.00104128 0.000432213 0.000603357 0.00247302 0.887007 0.101195 0.00316911 0.00287088
3 0.00127593 0.00210054 0.974007 0.00152902 0.00174961 0.00197383 0.00141917 0.0139723 0.00142092 0.00055186
10 0.00400031 0.00432886 0.00900932 0.877316 0.00917342 0.0441838 0.00366026 0.0405384 0.00264968 0.00513945
6 0.918648 0.000680459 0.000898534 0.00510084 0.000205315 0.000922891 0.00641209 0.0150075 0.00220892 0.0499156
9 0.0489406 0.275071 0.0643309 0.0927139 0.0686625 0.0736757 0.0662254 0.234534 0.0446632 0.031183
10 0.00233973 0.00938737 0.0274077 0.722916 0.00385705 0.0259619 0.00289208 0.177624 0.00256024 0.0250543
4 0.000866891 0.00247578 0.0154123 0.0072927 0.00376417 0.00564667 0.00235088 0.959635 0.00143934 0.00111669
2 0.000159482 0.000127547 6.76654e-005 5.37684e-005 0.999042 0.000156557 0.000103057 8.76476e-005 0.000108377 9.39097e-005
3 0.00157663 0.00897656 0.899489 0.00323988 0.00157435 0.0524928 0.00163952 0.0280625 0.00123007 0.00171891
3 0.00610016 0.00842603 0.761301 0.00881475 0.104281 0.016058 0.014439 0.0692163 0.00412986 0.00723359
3 0.000386236 0.0035483 0.984186 0.0018002 0.000778899 0.000980395 0.000395712 0.00724543 0.000457814 0.0002207
7 7.45671e-009 6.44214e-009 6.39263e-009 2.50028e-009 2.65563e-009 2.47795e-009 9.15538e-009 4.34071e-009 0.999998 1.80106e-006
5 0.151078 0.00784387 0.0169585 0.00946894 0.0224662 0.0105777 0.718006 0.0525765 0.00754834 0.0034757
10 0.000654594 0.00234271 0.00154698 0.988487 0.000543 0.00270031 0.000457197 0.00189387 0.000643891 0.000730244
9 0.00217661 0.953329 0.016744 0.00589688 0.00204116 0.00298515 0.00430702 0.00640818 0.00210845 0.00400336
6 0.86071 0.00500334 0.0339032 0.00603711 0.0153037 0.00684721 0.0335965 0.0239853 0.0130907 0.00152252
3 0.00257011 0.00727114 0.878419 0.00817921 0.0110236 0.042234 0.00390811 0.0388181 0.00535856 0.00221771
4 0.019836 0.0112874 0.183725 0.0387308 0.0134935 0.273026 0.0133914 0.433693 0.0094968 0.00332079
3 6.54026e-005 0.00156754 0.997507 5.79601e-005 0.000136145 0.000191369 5.97836e-005 0.000362811 3.63069e-005 1.56917e-005
10 0.00174483 0.00408642 0.00408065 0.941141 0.0050745 0.0093804 0.00154155 0.0222632 0.00126643 0.00942119
5 0.00121618 0.000113309 0.00022811 0.000121589 0.000767297 0.000686327 0.994756 0.00140647 0.000612293 9.19957e-005
7 2.78251e-009 1.58809e-009 6.79928e-010 4.78093e-010 3.60864e-010 6.55105e-010 1.65298e-009 8.34594e-010 1 3.69037e-007
7 1.33595e-009 1.31713e-009 3.38011e-010 3.74517e-010 3.33238e-010 3.70612e-010 5.63309e-010 6.20065e-010 0.999999 1.01219e-006
2 0.000572133 0.00136153 0.0190433 0.00106572 0.971227 0.00173545 0.000456099 0.00315189 0.000538232 0.000848695
10 2.82093e-007 3.40237e-007 5.29786e-007 0.999595 8.72972e-006 0.000115548 1.2975e-005 8.08438e-005 7.36206e-005 0.000112486
8 3.32865e-009 2.67679e-009 4.07948e-009 4.46353e-009 1.98423e-009 7.47633e-009 4.64657e-009 9.85581e-009 2.80487e-009 1
2 2.50426e-010 3.36467e-010 1.09997e-009 3.81164e-010 0.999998 4.28232e-007 2.16625e-008 9.18326e-008 5.56873e-007 8.72061e-007
1 0.00376438 0.00253263 0.0101788 0.0414538 0.00208923 0.876115 0.0266515 0.0307821 0.00346479 0.00296738
5 0.00207192 0.00140821 0.00182247 0.000940294 0.000848021 0.00148952 0.98691 0.00266812 0.00131157 0.000530052
2 0.000145155 0.000367548 0.000446025 0.000167056 0.997452 0.00036012 0.000251969 0.000278953 0.000339378 0.000191543
4 0.0013212 0.00211643 0.00728264 0.114285 0.00136225 0.0034156 0.00348303 0.857538 0.00150234 0.00769303
2 3.82986e-005 9.10472e-005 0.000436294 4.64579e-005 0.998925 0.000110473 3.92293e-005 9.28148e-005 9.86605e-005 0.000121352
8 1.90624e-005 2.27695e-005 1.21364e-005 0.000354494 7.27046e-006 0.000173856 2.73561e-005 0.0031445 9.55361e-006 0.996229
7 0.000434205 0.000197723 0.000119253 2.94351e-005 0.000133983 0.000117347 0.00020548 0.000221715 0.998499 4.22049e-005
3 8.83175e-005 0.00101197 0.997266 0.000203889 0.000287903 0.000297447 0.000132116 0.000469854 0.000163395 7.94472e-005
9 0.0221928 0.71626 0.0635928 0.0434911 0.0147945 0.0304958 0.0173467 0.061472 0.0191518 0.0112024
9 0.00923417 0.923318 0.0217291 0.00611937 0.00300223 0.00699297 0.00506572 0.0145674 0.00611353 0.00385737
3 7.71928e-005 0.000386461 0.979782 0.000106267 8.07022e-005 0.000266562 6.59889e-005 0.0190539 8.77297e-005 9.33086e-005
3 1.48338e-005 0.000295111 0.997535 4.37678e-005 2.52584e-005 6.58221e-005 1.7039e-005 0.00196192 1.83257e-005 2.30348e-005
10 4.98558e-009 6.18349e-009 6.27412e-009 0.999963 2.28387e-008 4.37411e-006 1.76968e-007 1.72262e-005 3.10164e-006 1.21521e-005
4 0.00590814 0.00912433 0.00773669 0.0495974 0.00327686 0.00848046 0.0115992 0.883682 0.00892846 0.0116663
4 0.0297514 0.0590015 0.0887979 0.0993037 0.0476507 0.0262702 0.0433751 0.561714 0.0250844 0.019051
2 0.000694677 0.00250965 0.00371484 0.00110606 0.987389 0.00125447 0.00053953 0.00129041 0.000908121 0.000593315
6 0.992489 0.000735603 0.000459252 0.000424975 0.000203342 0.000234288 0.00225619 0.000782878 0.00224423 0.000170166
3 0.000294005 0.00111647 0.991793 7.28975e-005 0.000101447 0.00520066 0.000353639 0.000831483 0.000120544 0.000115469
10 0.000385216 0.000459406 0.000429112 0.994243 0.000743629 0.000943328 0.000308824 0.00147003 0.000472003 0.000545919
9 0.0157445 0.717913 0.142191 0.0183766 0.0335552 0.0141049 0.0110944 0.030619 0.00892937 0.00747265
10 0.000309055 0.000977658 0.00371726 0.956625 7.87251e-005 0.00061011 0.000719775 0.0356896 0.00018943 0.00108311
9 7.96149e-008 0.999703 5.24717e-005 4.80881e-006 2.33629e-006 5.40084e-006 3.78419e-006 5.61775e-006 2.48074e-005 0.000197654
2 0.000250888 0.000435886 0.00860646 0.000140681 0.988381 0.000239922 0.000198185 0.00120159 0.000328343 0.000216756
3 0.001092 0.00330254 0.969082 0.00247792 0.00760862 0.00192491 0.00128072 0.0116702 0.00107642 0.000484887
5 0.000936441 5.3709e-005 1.2332e-005 1.62181e-005 4.44632e-005 0.000177065 0.997964 0.000590215 0.000166064 3.91282e-005
6 0.998492 0.000114576 0.000195216 4.08559e-005 0.000151404 4.5494e-005 0.000447755 0.000162295 0.000282535 6.7924e-005
7 1.30211e-008 1.31222e-008 7.38256e-009 5.90134e-009 4.02278e-009 4.10248e-009 1.59984e-008 9.95516e-009 0.999992 7.94901e-006
2 5.33786e-005 0.000135079 0.000820502 4.33909e-005 0.99855 4.95273e-005 5.24218e-005 9.16821e-005 8.76289e-005 0.000116586
8 1.29001e-008 1.18555e-008 1.09037e-008 1.52243e-008 8.44637e-009 3.37353e-008 2.06991e-008 3.23615e-008 1.39561e-008 1
1 0.0301 0.00179081 0.000367832 0.000471972 0.000324619 0.925313 0.0239907 0.00243096 0.0111686 0.0040412
4 0.00109143 0.00263292 0.00772192 0.0148581 0.00421873 0.00308482 0.00168047 0.957064 0.00208838 0.00555923
3 0.00138974 0.00494721 0.961637 0.00215929 0.00259524 0.00297974 0.0037604 0.0188179 0.00100631 0.000707029
9 8.3921e-008 0.999723 0.000141878 1.93075e-005 3.49896e-006 1.48306e-005 1.71686e-005 2.48426e-005 3.32237e-005 2.26614e-005
7 0.0067067 0.00580199 0.00692123 0.00177769 0.00120764 0.00315869 0.00625774 0.00686933 0.960394 0.000904679
4 0.00132755 0.00241789 0.0117785 0.0224562 0.00392052 0.0082272 0.00289983 0.871803 0.00220507 0.0729641
8 0.0122226 0.00817079 0.0163069 0.16711 0.00815368 0.0161011 0.0398593 0.323763 0.00919852 0.399114
3 0.000235173 0.000730898 0.949591 0.00109761 0.00691446 0.000547719 0.000256815 0.0402613 0.0001871 0.000178305
8 0.00170424 0.00147342 0.00119104 0.000843219 0.000569039 0.00680943 0.00840416 0.0109706 0.00157435 0.96646
5 0.0343227 0.00225607 0.000180477 3.64993e-005 0.00113422 0.00142713 0.527326 0.00227351 0.430225 0.000818546
9 0.00838995 0.806414 0.014335 0.0518 0.00482222 0.00286482 0.00996535 0.0907059 0.00508379 0.00561852
6 0.999349 4.42631e-006 2.05598e-006 1.23523e-006 1.86094e-006 1.0915e-006 3.75521e-005 7.02324e-006 0.000579171 1.68353e-005
6 0.999594 5.89858e-005 2.06822e-005 1.97321e-005 3.40229e-005 2.61459e-005 6.33461e-005 6.06285e-005 8.85054e-005 3.38479e-005
9 3.82219e-006 0.999027 0.000385042 7.41647e-005 0.000154898 5.58084e-005 3.63059e-005 7.17958e-005 7.9447e-005 0.000111392
3 0.000185925 0.000688347 0.991573 0.000277137 0.000155649 0.000287844 0.000115039 0.00649633 0.00014004 8.09046e-005
4 0.00277896 0.00128889 0.0165741 0.0045924 0.00503172 0.00761928 0.00299425 0.955358 0.00226467 0.00149735
7 0.000443169 0.000431499 0.000227456 0.00020299 0.000105064 0.000364337 0.00234072 0.00269129 0.991477 0.0017168
5 0.0032598 0.000133926 0.000215692 0.000144757 0.000390005 0.000301367 0.994095 0.000900057 0.000449056 0.000110451
9 4.86274e-007 0.999069 0.000697248 1.56125e-005 1.22221e-005 3.62292e-005 1.42304e-005 0.000125794 1.28865e-005 1.64609e-005
8 0.00205634 0.000514543 0.000311361 0.00110406 0.000365184 0.00541851 0.023808 0.00940616 0.001026 0.95599
8 0.000335518 0.000367932 0.000231351 0.00143355 0.000164622 0.00303241 0.00079123 0.00374808 0.000639846 0.989255
2 2.12652e-005 4.39922e-005 0.000792993 9.1536e-006 0.999021 1.09661e-005 1.34629e-005 4.50778e-005 2.97441e-005 1.26319e-005
4 0.134269 0.0162994 0.00870178 0.113824 0.0124838 0.0304823 0.271755 0.310934 0.0293099 0.0719406
9 0.0108675 0.768996 0.126183 0.00689702 0.0207221 0.0132102 0.00842896 0.0227097 0.0187229 0.003262
2 0.000782829 0.000749712 0.000800274 0.000699954 0.991483 0.00159623 0.000800801 0.0009735 0.00160679 0.000506764
6 0.999909 8.90168e-006 4.54571e-007 4.01645e-007 1.33512e-007 1.6661e-006 8.88241e-006 2.05664e-006 5.14331e-005 1.66143e-005
5 0.0276982 0.000624294 0.000618163 0.000400301 0.0011969 0.004414 0.958256 0.00332248 0.00249741 0.000972059
10 0.00102762 0.000571583 0.00131715 0.988567 0.00121268 0.00216786 0.000626865 0.00309481 0.000575181 0.000839234
5 0.01658 0.000350587 0.000307425 0.000133778 0.000322277 0.000754598 0.978151 0.00242613 0.000761326 0.000212902
6 0.706829 0.00306038 0.00398498 0.00309909 0.0016219 0.00383222 0.0807832 0.185775 0.00553617 0.00547775
4 0.00286064 0.00154477 0.00098303 0.0299436 0.000219206 0.000787694 0.000875487 0.959237 0.000773473 0.00277551
4 0.00833261 0.0203389 0.132041 0.150956 0.0134731 0.0404624 0.0213009 0.344621 0.0112175 0.257258
9 0.00124578 0.995554 2.01503e-005 2.58928e-005 0.000167831 9.48021e-005 0.00234479 6.27912e-005 0.000330328 0.000153477
2 0.000234941 0.000547128 0.000305553 9.63213e-005 0.99792 0.000138692 0.00011734 0.000191384 0.000263693 0.000184937
5 0.000985632 0.000869568 0.00634302 0.000838183 0.00153236 0.00326743 0.696188 0.287906 0.00126502 0.000804899
8 0.00709263 0.00615826 0.0635882 0.0160722 0.00883733 0.194863 0.14508 0.257241 0.00993698 0.291131
5 4.98896e-008 1.12921e-008 9.30171e-009 8.30774e-009 1.35682e-008 1.61779e-008 0.999921 1.47072e-006 5.96447e-005 1.78411e-005
1 0.000241045 0.000268949 0.000292677 0.000539284 0.000422565 0.993671 0.00129812 0.00102194 0.000494298 0.00174974
3 0.000112857 0.000610595 0.99714 0.000146803 0.000231496 0.00023513 0.000127571 0.00121581 0.000109647 7.03286e-005
8 0.00419512 0.00745151 0.0454919 0.0171784 0.00800515 0.0248527 0.00850467 0.109799 0.00561418 0.768907
9 0.00771565 0.932005 0.034054 0.00144659 0.0031801 0.000777133 0.00184967 0.00485152 0.0129749 0.00114498
8 0.00103859 0.00217554 0.0085125 0.00142022 0.000406055 0.0089952 0.00826166 0.0319121 0.00154429 0.935734
10 0.00154304 0.0039655 0.00814494 0.962737 0.00171772 0.00463301 0.00128852 0.0111711 0.00166268 0.00313649
10 0.000162446 0.000419785 7.06281e-005 0.998255 6.75929e-005 0.000429534 7.68272e-005 0.000231773 8.95157e-005 0.000197183
1 0.0036426 0.00200703 0.00171095 0.00163598 0.00219333 0.965618 0.0044138 0.0161097 0.00162978 0.0010386
8 0.000212932 0.00034751 0.000454893 0.000594986 0.000130331 0.00244713 0.000359975 0.00219217 0.000260159 0.993
6 0.533243 0.0180408 0.027616 0.0317993 0.0383845 0.111078 0.0894313 0.0626164 0.0747501 0.0130401
4 0.00178531 0.00257814 0.01985 0.00592614 0.00811683 0.0164049 0.0275831 0.911996 0.00248166 0.00327772
2 0.00060738 0.00107574 0.0102852 0.00158893 0.979242 0.00167852 0.00082867 0.00218811 0.00111305 0.00139248
10 0.00175402 0.00469401 0.00386187 0.973505 0.000882876 0.00263642 0.00130881 0.00411613 0.00218714 0.00505386
7 0.00272525 0.0015601 0.00203727 0.00190743 0.00153576 0.00360994 0.00288859 0.00774579 0.968741 0.00724849
8 5.3819e-005 8.71383e-005 7.53324e-005 0.000120458 1.86078e-005 7.42636e-005 0.00010315 0.0254869 4.2039e-005 0.973938
2 0.00644091 0.0106996 0.0256586 0.0319378 0.852002 0.0270263 0.00674787 0.030173 0.00496422 0.00434953
3 6.1715e-008 8.22523e-008 0.999818 8.55642e-007 6.42193e-005 1.24852e-006 4.54124e-007 0.000110316 3.61712e-006 1.40532e-006
7 3.94216e-008 1.82054e-008 2.08851e-008 1.5559e-008 4.054e-008 3.42241e-008 4.00322e-008 4.26482e-008 0.999991 9.08992e-006
5 0.00121888 9.36228e-005 0.000103662 0.000107108 0.000109072 0.000471251 0.99665 0.000603824 0.000547107 9.51582e-005
2 9.67944e-005 0.000148586 0.115974 9.67408e-005 0.882989 0.000109557 6.27233e-005 0.000359071 0.000112727 5.1285e-005
10 0.00467658 0.00767146 0.0181559 0.637871 0.00757877 0.00806697 0.00776628 0.289473 0.00682313 0.0119167
4 0.000312708 3.47082e-005 4.62692e-005 5.78475e-005 5.28766e-005 2.89318e-005 0.0002471 0.999007 8.29197e-005 0.000129431
10 0.00728809 0.0107423 0.00301816 0.922572 0.00221292 0.00680685 0.00715563 0.0306575 0.00638898 0.00315776
3 0.00229909 0.00135104 0.78846 0.00148115 0.099216 0.0365494 0.00530664 0.062191 0.00247943 0.000666402
6 0.973465 0.000394749 0.000575454 9.71353e-005 0.000270941 0.00149204 0.0199697 0.00258645 0.000822165 0.000326632
9 0.0459353 0.760519 0.0524932 0.0214332 0.00433406 0.0289909 0.02166 0.0336668 0.014859 0.016108
4 0.0068786 0.0172089 0.0288568 0.0551881 0.00798115 0.0643705 0.00699188 0.800052 0.00646867 0.00600335
5 0.304225 2.0794e-005 1.44829e-006 2.91495e-007 5.27331e-007 4.91589e-006 0.687177 1.54818e-006 0.00856599 2.76045e-006
2 0.000811227 0.00195943 0.00314956 0.00227663 0.980022 0.00730141 0.000934174 0.00192518 0.00105085 0.000569046
10 0.00848753 0.0121368 0.0301361 0.804645 0.0211383 0.0341061 0.0125377 0.055459 0.00875477 0.012599
4 0.00110863 0.00199887 0.221106 0.0071759 0.0267473 0.00995853 0.0036172 0.573124 0.00199861 0.153165
9 0.000497596 0.988877 0.00542789 0.000761922 0.000663338 0.000985432 0.000661543 0.00132801 0.000448162 0.000348831
2 0.00306423 0.00217461 0.00165266 0.00216639 0.963252 0.00631737 0.00988576 0.00386866 0.00399621 0.0036221
9 1.26377e-007 0.999839 8.12173e-005 7.8825e-006 4.90331e-006 5.09559e-006 8.69599e-006 9.89993e-006 2.13174e-005 2.16684e-005
3 3.44796e-005 0.000401118 0.993115 4.29565e-005 3.1278e-005 0.000338387 4.06585e-005 0.0058976 2.21879e-005 7.65785e-005
10 3.11208e-008 4.99565e-008 6.71017e-008 0.999836 5.60253e-007 1.01196e-005 2.01771e-006 1.01868e-005 8.05414e-006 0.000132881
5 0.013354 0.0106497 0.00786485 0.0115604 0.0114645 0.0131743 0.81885 0.0532919 0.0226575 0.0371326
10 0.000744448 0.00151451 0.0109667 0.970404 0.0012608 0.00512055 0.000595243 0.00781119 0.000775086 0.000807795
10 0.0059443 0.0113782 0.0435097 0.379007 0.00720488 0.0857479 0.061664 0.237526 0.00590963 0.162108
4 0.000294571 0.000604886 0.00370178 0.0145488 0.000639458 0.00112181 0.000535096 0.976015 0.00042163 0.0021167
8 5.45989e-005 2.88666e-005 1.68255e-005 1.28047e-005 3.2952e-006 0.0405916 5.05684e-006 1.23714e-005 6.14498e-006 0.959268
5 0.000198391 1.38725e-005 2.86222e-005 1.62733e-005 5.65424e-005 8.38834e-005 0.999202 0.000317009 6.8155e-005 1.5037e-005
9 9.36541e-008 0.999694 0.000198038 1.60994e-005 2.42022e-006 8.19774e-006 1.42324e-005 3.50522e-005 1.91405e-005 1.23041e-005
3 0.000646791 0.00257222 0.991249 0.000429785 0.00132309 0.0009342 0.000377272 0.00197937 0.000396279 9.21018e-005
3 0.000179823 0.00103318 0.995232 0.000236289 0.000144328 0.000558852 0.000148648 0.00218681 0.0002038 7.61726e-005
6 0.962899 0.000558754 0.000384744 5.4868e-005 0.00430002 0.000773897 0.0280575 0.00150345 0.00132373 0.000144413
1 0.0003411 0.000615884 0.000670453 0.000414453 0.000130276 0.984067 0.0095088 0.0014673 0.00142763 0.00135704
10 0.00127252 0.00229451 0.00487228 0.969933 0.00137621 0.00552 0.00110386 0.0100265 0.00187211 0.00172936
6 0.662726 0.00341853 0.00159436 0.000496247 0.000936639 0.00102657 0.291674 0.000923241 0.0369634 0.000241284
4 0.0314918 0.0149853 0.0201778 0.0407859 0.00657334 0.0179421 0.102939 0.73561 0.0200116 0.0094832
9 0.0151509 0.870602 0.0633389 0.00595725 0.0084811 0.00475525 0.00513763 0.0154731 0.00958568 0.00151806
9 8.16803e-010 0.999986 8.66544e-006 7.89299e-007 2.82751e-007 5.19401e-007 6.27097e-007 1.1061e-006 1.47789e-006 8.98856e-007
1 0.000972739 0.000905574 0.00204051 0.00222767 0.00479473 0.969293 0.0075955 0.006646 0.00203322 0.00349104
3 0.00104279 0.0114507 0.963929 0.00216275 0.0056035 0.00297524 0.000904749 0.010165 0.00112496 0.000641626
3 0.00025334 0.000623052 0.99709 0.000118501 6.81207e-005 0.000524161 0.000137259 0.000943302 6.15351e-005 0.000180278
2 0.000383529 0.000527154 0.0035285 0.000378747 0.993184 0.000208457 0.000336045 0.000559408 0.000497098 0.000396899
3 0.00973076 0.0101233 0.856965 0.0139702 0.0129378 0.0134089 0.00539381 0.0704439 0.00434523 0.00268106
5 0.0146953 0.00304366 0.00772821 0.0122376 0.00948442 0.0232561 0.885624 0.0277379 0.0114967 0.00469619
1 0.000490174 0.000326853 0.000650679 0.000626308 0.000743037 0.968255 0.0172346 0.00256001 0.00131059 0.00780303
5 0.128014 0.142382 0.0276754 0.0439694 0.061296 0.0276737 0.190067 0.178239 0.167674 0.0330097
6 0.999612 1.21178e-006 1.30253e-007 1.18289e-007 2.75877e-007 2.98577e-007 0.000200078 1.58169e-006 0.000180774 3.03653e-006
6 0.995787 4.18589e-005 0.000125476 2.17859e-005 0.000130057 4.07388e-005 0.00339806 0.000169787 0.000137759 0.000147209
6 0.978428 0.000288978 9.80281e-005 6.65364e-005 2.28654e-005 0.000114464 0.00776754 0.000157636 0.0128942 0.00016174
3 0.00183001 0.00221409 0.987802 0.000424631 0.000375284 0.000514785 0.000617269 0.00586327 0.000223584 0.000135538
3 0.000392434 0.00136079 0.990659 0.000647094 0.00102854 0.000340462 0.000299491 0.00496257 0.000220517 8.93836e-005
1 0.0687838 0.0118806 0.0411766 0.0204813 0.0290856 0.316293 0.212371 0.0875362 0.203986 0.00840563
6 0.861911 0.000169454 0.000103158 0.000369851 4.54252e-005 0.000128208 0.120187 0.0013003 0.000322526 0.015463
9 3.03908e-010 0.999989 6.09295e-006 5.31712e-007 5.82502e-008 8.1237e-008 2.48869e-007 5.29153e-007 3.15543e-006 2.40427e-007
3 0.285703 0.0120971 0.592962 0.00694131 0.00922772 0.0106224 0.0243131 0.0472164 0.0094918 0.00142516
5 9.4556e-008 2.83951e-008 3.28024e-008 4.16861e-008 4.89494e-008 7.2034e-008 0.999909 6.99752e-005 1.83029e-005 1.99227e-006
7 6.31172e-009 4.18191e-009 2.82281e-009 2.19402e-009 2.25991e-009 1.98036e-009 3.74814e-009 3.28981e-009 0.999997 2.83652e-006
7 0.000111931 0.000256853 0.00127559 1.11758e-005 3.68814e-005 8.20696e-005 0.000175361 0.000166595 0.997857 2.69459e-005
5 0.0630389 0.0174014 0.00689551 0.00686198 0.0108463 0.0169255 0.800492 0.0287803 0.0145899 0.0341686
4 0.0113042 0.00668039 0.00428946 0.0023797 0.00128745 0.0138115 0.0416742 0.906379 0.00370462 0.00848981
9 3.17142e-009 0.999973 1.5279e-005 1.45172e-006 6.38385e-007 1.13422e-006 1.23985e-006 1.74026e-006 3.61179e-006 2.30881e-006
9 2.82628e-013 1 4.24385e-008 2.82634e-008 1.68233e-008 2.38079e-008 2.90344e-008 4.43275e-008 7.51749e-008 4.48253e-008
10 0.000611841 0.000943354 0.00773055 0.983023 0.000553523 0.00132278 0.000419266 0.00399248 0.000382885 0.0010201
2 0.000185061 0.000192831 0.000112915 0.000108515 0.998424 0.000350763 0.000122276 0.000157294 0.000209215 0.000136945
7 0.000660545 6.99509e-005 0.000157545 4.21538e-005 5.12533e-005 4.27059e-005 4.95351e-005 9.14063e-005 0.9988 3.4761e-005
8 0.00207565 0.00153251 0.00156162 0.00154269 0.000572757 0.0239209 0.0063004 0.0132809 0.00176275 0.94745
9 0.000400293 0.997002 0.000426293 0.000118464 0.000120968 0.000165524 0.000299987 0.000313225 0.000546208 0.000606743
2 0.000270212 0.000411227 0.00105599 0.000365363 0.994715 0.000824407 0.000261923 0.000601801 0.000639712 0.000854522
5 0.0225938 0.00580963 0.000566369 0.000280931 9.03815e-005 0.00386883 0.899492 0.00134276 0.0292145 0.0367405
7 0.000102885 4.33292e-006 4.06142e-007 1.48623e-007 9.28106e-008 4.17248e-007 0.000674849 2.83707e-007 0.999216 2.53184e-007
7 0.00531322 0.000955229 0.000638698 0.000559718 0.000544816 0.00101377 0.000746967 0.00252659 0.987212 0.00048929
2 0.000124096 0.000311393 0.00119144 0.000242467 0.997025 0.00025906 0.000122457 0.000328484 0.00024117 0.000154269
3 0.000106495 0.000374512 0.998057 4.95382e-005 4.82857e-005 0.000250591 8.22602e-005 0.000897986 0.00010504 2.78977e-005
4 0.00169485 0.000910278 0.00125879 0.00150402 0.00834949 0.00823547 0.0701203 0.893165 0.00371163 0.0110506
6 0.999997 2.23276e-008 2.59123e-008 1.40841e-008 1.73817e-008 3.74995e-008 2.66723e-006 3.17147e-008 3.00898e-007 1.58805e-008
8 0.000103492 3.97418e-005 1.04795e-005 0.000321575 2.1361e-005 0.00025038 0.00023217 0.00133518 5.05734e-005 0.997635
3 0.00152696 0.00422254 0.936873 0.0042328 0.0140134 0.00512321 0.0022972 0.0290752 0.00178625 0.000849083
10 0.0107187 0.0108599 0.0195361 0.734426 0.0129365 0.0367274 0.022375 0.112995 0.00819653 0.0312284
2 0.000331182 0.000329646 0.0038603 0.000632641 0.992964 0.000399332 0.000276561 0.000627245 0.000381969 0.000196907
6 0.994521 2.2609e-005 1.45269e-005 5.75412e-006 6.2269e-005 2.00096e-005 6.88858e-005 1.22026e-005 0.00526594 7.1692e-006
9 0.00768071 0.95813 0.00581316 0.00301872 0.00236231 0.00372726 0.00467288 0.00521752 0.00633741 0.00303974
2 0.000834907 0.00112011 0.0771892 0.000414395 0.915808 0.001312 0.000447309 0.00195923 0.000538413 0.000376194
9 4.72274e-007 0.999426 0.00032617 3.00047e-005 9.4883e-006 9.29069e-006 1.56415e-005 4.07299e-005 0.000115264 2.6672e-005
4 0.00216449 0.00477073 0.0393944 0.00964683 0.00319743 0.064189 0.00428124 0.844842 0.00218471 0.0253291
8 0.00618245 0.00709729 0.00884269 0.0477411 0.00312778 0.0134845 0.00645566 0.19022 0.00632996 0.710519
10 0.00298551 0.023257 0.0103562 0.856452 0.0028673 0.00465444 0.00163342 0.0893684 0.00374156 0.0046839
2 0.00257395 0.00217082 0.00952673 0.00492297 0.954137 0.0105428 0.00609144 0.00582892 0.00314684 0.00105869
4 0.00284748 0.00600138 0.105648 0.175291 0.00273554 0.0143385 0.0102498 0.643394 0.00346472 0.0360305
4 0.00239915 0.0020983 0.0135946 0.0358217 0.0047854 0.00179081 0.00265446 0.932307 0.00293201 0.00161684
3 0.000507532 0.00085481 0.962362 0.000739666 0.000866933 0.000482359 0.00118148 0.0325935 0.000220673 0.000190769
9 0.00568104 0.883113 0.0917559 0.0026102 0.00158355 0.00143164 0.00251589 0.00640016 0.00459914 0.000309469
2 0.000925424 0.000832399 0.00149046 0.00324441 0.987613 0.00233912 0.000508099 0.00191041 0.000690883 0.00044572
2 0.000474437 0.000743365 0.0154104 0.000528985 0.977033 0.00225372 0.000555484 0.00209587 0.000468202 0.000436444
2 0.00812292 0.00765257 0.00737004 0.0123516 0.926642 0.00655568 0.00788927 0.0124453 0.00787354 0.00309719
2 0.0159034 0.0111077 0.14846 0.0481388 0.274094 0.0719819 0.108289 0.220511 0.0260868 0.0754271
3 0.00351138 0.0137283 0.834828 0.0426397 0.039803 0.00830816 0.00521061 0.0426449 0.00611335 0.00321226
9 0.000505818 0.992844 0.0026789 0.000712131 0.000413306 0.000548684 0.000521395 0.000760692 0.000497437 0.000517906
5 0.00294612 1.19028e-005 7.61221e-006 2.02312e-006 3.44437e-005 0.000428432 0.996288 0.000105347 0.000143844 3.19242e-005
2 7.61448e-008 5.36586e-008 1.82149e-007 8.21891e-008 0.999905 8.11564e-006 3.79049e-006 1.83629e-006 2.57235e-005 5.53879e-005
4 0.00639259 0.00530037 0.0238804 0.0870076 0.277163 0.0219406 0.00498072 0.561268 0.00278264 0.00928397
10 4.43239e-008 4.80032e-008 4.21973e-008 0.99987 1.73008e-007 1.41863e-005 2.89275e-006 4.0005e-005 1.50763e-005 5.79188e-005
4 0.00145046 0.0017444 0.0255049 0.0224052 0.00279345 0.0114727 0.00196283 0.900315 0.00158339 0.0307676
10 6.71943e-008 1.3443e-007 1.49787e-007 0.999644 9.61024e-007 0.000127006 4.48368e-006 4.51755e-005 1.38644e-005 0.000164227
9 2.67174e-010 0.999991 3.23689e-006 3.33403e-007 5.05687e-007 2.99137e-007 1.96916e-007 4.67185e-007 6.30994e-007 2.88332e-006
4 0.0222019 0.0122881 0.0106772 0.0233781 0.00786036 0.0803338 0.0732206 0.581998 0.0237323 0.164309
2 0.000848442 0.000734082 0.00201789 0.00031883 0.993336 0.000368175 0.000604959 0.00079055 0.000704553 0.000276857
7 0.00562295 0.000796933 0.000719916 0.000424154 0.000927657 0.000823775 0.00436816 0.00101546 0.985146 0.000154715
5 0.0104835 0.0114749 0.0225962 0.0149513 0.115609 0.0188224 0.716503 0.0586711 0.0248235 0.00606512
7 0.0146211 0.0102556 0.045734 0.0160121 0.045319 0.0829168 0.05929 0.0824112 0.636345 0.00709547
2 0.000756401 0.000915143 0.00532386 0.000558328 0.98857 0.000965979 0.000584053 0.00120931 0.000630956 0.000486162
3 0.000225289 0.00883275 0.982627 0.000635577 0.000323428 0.0012532 0.000775341 0.00486991 0.000214638 0.000242842
1 2.34847e-006 1.60839e-006 2.29001e-006 2.41426e-006 1.96585e-006 0.998419 0.000355462 4.59564e-005 3.37963e-005 0.00113541
6 0.986243 0.000197918 0.000101843 5.13906e-005 3.94947e-005 5.48415e-005 0.000635082 8.38334e-005 0.0125702 2.27234e-005
2 0.000171685 0.000396408 0.000383099 0.000183221 0.997174 0.000282932 0.000469008 0.000289271 0.000258457 0.000391584
5 1.81822e-008 3.9928e-009 2.77293e-009 2.17301e-009 3.20058e-009 9.9667e-009 0.999996 3.05622e-008 3.47952e-006 2.61378e-007
3 0.00161703 0.00225094 0.941144 0.00440634 0.000680336 0.000850893 0.00126136 0.0413411 0.00112819 0.0053198
3 5.96505e-005 0.00050731 0.997372 0.000180294 0.000326845 9.26193e-005 6.87221e-005 0.00130008 7.11279e-005 2.10987e-005
5 0.0210725 0.0326415 0.0263344 0.00663969 0.00214365 0.0213973 0.753926 0.0710881 0.00713875 0.0576179
5 0.00105034 1.35001e-005 1.69131e-005 7.20843e-006 1.00294e-005 3.29715e-005 0.998809 3.15833e-005 2.48163e-005 3.31571e-006
3 0.000346893 0.00271949 0.993345 0.000615959 0.000272022 0.000589053 0.000192835 0.00121906 0.000541464 0.000158005
8 0.00238498 0.00068086 0.00116329 0.00413481 0.00242491 0.00539926 0.0415158 0.104267 0.0015019 0.836528
9 0.00872194 0.978833 0.00372825 0.00166449 0.00129237 0.00185711 0.000793162 0.00125061 0.00157287 0.000285756
1 4.6174e-005 2.47276e-005 0.0002726 0.000127254 4.91232e-006 0.970399 3.34285e-005 0.00024461 3.14245e-006 0.0288441
4 0.0131437 0.00274477 0.0571881 0.0231541 0.00404178 0.0119647 0.0101921 0.870213 0.0039094 0.00344827
9 0.00085035 0.980758 0.0100309 0.000721396 0.000360524 0.000367585 0.000882626 0.00223384 0.00345684 0.000338228
9 8.5552e-008 0.999698 0.000211286 1.44266e-005 4.09857e-007 3.69543e-006 4.59289e-006 3.65401e-005 2.25045e-005 8.07452e-006
2 0.000602694 0.000706458 0.00095375 0.000562078 0.992927 0.000539103 0.000573105 0.000815374 0.00201221 0.000307898
2 2.22713e-008 2.6679e-008 9.13153e-008 3.61643e-008 0.999958 5.85228e-006 1.41066e-006 1.08922e-006 1.36671e-005 1.96119e-005
4 0.00166055 0.0033705 0.0859932 0.0421815 0.00368281 0.0065179 0.0113695 0.761159 0.0020142 0.0820506
8 0.0995577 0.0121843 0.00348487 0.00357613 0.00261472 0.0296029 0.146177 0.21242 0.054291 0.436091
4 0.00788584 0.00965465 0.0149458 0.0896616 0.00705687 0.0107864 0.0108181 0.7988 0.00718169 0.0432087
6 0.999835 1.05148e-005 1.81606e-006 1.21291e-006 3.97029e-006 2.34828e-006 7.28668e-005 2.44365e-006 6.35896e-005 5.90196e-006
3 0.000324446 0.00411429 0.990602 0.00029306 0.00139939 0.000426376 0.000195474 0.00242552 0.000157212 6.2434e-005
5 0.00727871 0.00508241 0.00723481 0.0112879 0.00921444 0.00807934 0.909613 0.0240017 0.0120887 0.0061186
10 0.000908957 0.00118469 0.00351796 0.892366 0.00130357 0.0175063 0.00102689 0.0418767 0.00100625 0.0393022
9 5.01994e-009 0.999928 5.02385e-005 2.28861e-006 3.37396e-007 1.10799e-006 2.92785e-006 8.2163e-006 5.01131e-006 1.94949e-006
6 0.894495 0.00191878 0.00477147 0.00199815 0.00275771 0.00483958 0.0639379 0.00657988 0.0153724 0.00332935
4 4.44243e-005 0.000100112 0.00410381 2.33721e-005 0.00013988 0.000337144 2.91036e-005 0.995029 7.00474e-005 0.000122936
5 0.000657117 3.25719e-005 1.27066e-005 7.36036e-006 3.31922e-005 0.000160244 0.998216 7.79156e-005 0.000785795 1.7259e-005
7 0.0153836 0.00122683 0.00633346 0.000671242 0.0020164 0.00130474 0.00199412 0.00177042 0.969055 0.000244514
10 0.00103408 0.000445862 0.000356172 0.978038 0.000338 0.00114392 0.000767521 0.0137179 0.000466926 0.00369146
6 0.996262 9.75778e-005 1.60056e-005 2.48723e-005 2.24003e-005 2.78067e-005 0.00157808 0.000167193 0.00176873 3.54657e-005
6 0.96227 0.00707128 0.00265805 0.00134897 0.0017732 0.00214452 0.00506404 0.00615813 0.0109298 0.000582271
2 0.000505304 0.00103383 0.0034168 0.00112291 0.98701 0.00382795 0.000651612 0.00137704 0.00052041 0.000533943
2 0.000312916 0.000865635 0.00180758 0.00054799 0.991173 0.00228407 0.000418009 0.000855665 0.000589851 0.00114566
10 9.18672e-009 7.47133e-009 8.41538e-009 0.999962 4.62638e-008 7.75522e-006 3.97873e-007 6.62638e-006 4.4099e-006 1.84989e-005
3 0.000514559 0.000913059 0.980354 0.0015072 0.000160535 0.00174324 0.000381552 0.01323 0.000267493 0.000928029
7 0.000250806 0.000117378 0.0235233 0.000138574 3.07888e-005 0.000555031 0.00112336 0.0015063 0.972655 9.96819e-005
2 7.12143e-005 0.000184431 0.000275058 9.86335e-005 0.998832 0.000194373 4.2732e-005 0.000123487 9.70326e-005 8.1169e-005
7 1.3136e-007 7.2184e-008 5.87257e-008 4.90831e-008 2.30251e-008 3.24356e-008 7.3833e-008 4.25163e-008 0.999999 1.93558e-007
1 0.00629429 0.00979558 0.264414 0.0351138 0.00749885 0.494996 0.00930591 0.148236 0.0117682 0.0125766
9 0.168994 0.458434 0.00657103 0.0144485 0.00185458 0.0136439 0.0133495 0.291294 0.0169686 0.0144419
5 0.0174334 0.0140927 0.0690707 0.122818 0.0172962 0.116239 0.301774 0.0641903 0.232348 0.0447372
2 9.10918e-005 0.000168523 0.000196404 5.90632e-005 0.99892 8.97161e-005 9.44109e-005 0.000101152 0.000182943 9.66517e-005
3 0.000490779 0.00222276 0.987396 0.000557909 0.000359955 0.00335371 0.000485431 0.00433728 0.000523593 0.000273062
5 0.00992365 0.00344805 0.00107738 0.00146964 0.00671618 0.00778269 0.934255 0.0247878 0.00818674 0.00235254
8 0.0275528 0.00278679 0.00148912 0.0131082 0.00112413 0.00951774 0.0516007 0.0689952 0.0365761 0.787249
4 0.00389371 0.00708048 0.166155 0.0193859 0.00439288 0.0228879 0.00863189 0.746735 0.00336492 0.0174726
10 0.000234953 0.000938469 0.000206877 0.99556 0.000113992 0.000381339 0.000197057 0.000807407 0.00021179 0.00134831
3 0.0026666 0.0035467 0.939573 0.0095063 0.0134143 0.00389608 0.00307443 0.0208322 0.00223317 0.00125733
9 0.000297728 0.997051 0.00116848 0.000322465 9.06606e-005 0.000127589 0.000285851 0.000283809 0.000234528 0.000137982
9 1.44517e-009 0.999994 3.18501e-006 1.7521e-007 5.28566e-008 2.08638e-007 2.22186e-007 1.80242e-007 1.17767e-006 3.81043e-007
2 0.00107132 0.00148445 0.00372268 0.00301051 0.980732 0.00450581 0.00103613 0.00273846 0.000909701 0.000788443
5 0.0645446 0.0299876 0.00643251 0.0331114 0.01239 0.0534623 0.433782 0.285211 0.0451756 0.0359026
6 0.961067 0.000885064 0.000912857 0.00326639 0.00501902 0.00299203 0.0144774 0.0071872 0.00144296 0.00274977
3 0.000725062 0.00349334 0.959043 0.00149508 0.000940473 0.00411119 0.00122001 0.0279308 0.00072214 0.000318842
8 1.37398e-005 2.28953e-005 2.51832e-006 2.18888e-005 6.45587e-006 6.16321e-005 2.27658e-005 0.000675893 4.03736e-005 0.999132
5 0.0312668 0.00406104 0.00904508 0.00525534 0.0448975 0.0315603 0.829686 0.0282744 0.0138784 0.00207567
8 0.0105232 0.00564123 0.0122918 0.0244935 0.0110569 0.273808 0.0171835 0.296971 0.0385402 0.309491
2 0.000366953 0.000568269 0.000688009 0.000292125 0.995707 0.000861037 0.000405279 0.000496087 0.000387393 0.00022742
4 0.000778086 0.00152492 0.0011924 0.0360931 0.000533788 0.0059142 0.000614399 0.583984 0.000891698 0.368473
7 0.00408836 1.99743e-005 0.000115503 6.89168e-006 7.09196e-006 1.92037e-005 8.63393e-005 2.68147e-005 0.99561 1.98453e-005
6 0.447533 0.0517194 0.0441768 0.0602351 0.0114524 0.0313268 0.117561 0.127656 0.0835722 0.0247672
10 1.88883e-007 2.57376e-007 4.02679e-007 0.999639 5.57984e-006 5.08345e-005 9.15062e-006 0.000153507 3.36638e-005 0.00010753
3 7.73808e-008 7.56349e-008 0.999707 1.30839e-006 2.0192e-006 7.30702e-007 8.89868e-006 0.000263314 1.11591e-005 5.28318e-006
2 0.00395054 0.00711956 0.0149378 0.0189278 0.883997 0.0285435 0.00708899 0.0259895 0.00582498 0.00362015
5 0.0636511 0.00192247 0.000269648 0.000903635 0.00151346 0.000796353 0.907719 0.00522161 0.0162554 0.0017475
5 0.27959 0.0323881 0.0197855 0.0238702 0.0367652 0.0235956 0.440653 0.0981969 0.030121 0.015035
3 0.000476691 0.00177192 0.985267 0.000480213 0.000219676 0.00396874 0.000325545 0.00705622 0.000259995 0.000174078
4 0.0182861 0.0241166 0.00954687 0.0681274 0.00287672 0.0383802 0.0936816 0.730778 0.00719894 0.00700697
4 0.00274555 0.00414489 0.0061806 0.184189 0.00315991 0.0135731 0.00989824 0.764922 0.00411589 0.00707027
5 0.0069628 2.12928e-006 2.57715e-006 5.97602e-007 4.84305e-007 3.04421e-005 0.992831 1.81879e-005 0.000140267 1.14845e-005
4 0.00172988 0.00209038 0.125974 0.00559629 0.0198518 0.00390169 0.00199358 0.832715 0.00351708 0.00263005
1 0.000955606 0.000115147 8.20637e-005 3.4951e-005 0.00454584 0.993301 0.000449651 9.21119e-005 0.000372516 5.14801e-005
4 0.000107474 9.31629e-005 0.0002444 9.26516e-005 5.51235e-005 0.000434427 0.00332997 0.994797 9.77873e-005 0.00074824
5 0.000816244 0.000166308 0.000441027 0.000149008 0.000510703 0.000721883 0.994727 0.00125267 0.00106579 0.000149075
10 0.000143811 0.000307204 0.000838837 0.994578 5.18764e-005 0.00051766 0.000136028 0.00286809 0.000149085 0.000409373
1 5.76523e-005 0.000236324 0.000135125 0.000318393 9.53948e-005 0.997634 0.000310229 0.000442418 0.000216436 0.000554356
3 0.00120852 0.00371175 0.956546 0.00742769 0.00236749 0.00215929 0.000833011 0.0238253 0.001328 0.000592539
5 6.1709e-007 1.62979e-007 1.78985e-007 1.10973e-007 1.05982e-007 2.76794e-007 0.999537 6.48595e-005 7.20315e-005 0.00032452
7 9.64423e-008 6.09517e-008 4.40882e-008 2.83125e-008 2.21223e-008 3.4542e-008 5.97175e-008 4.81749e-008 0.999994 5.34753e-006
4 0.00136448 0.00196256 0.0148201 0.0234678 0.00177486 0.0079175 0.00167064 0.912007 0.00215457 0.0328607
4 0.00123158 0.000490085 0.000587904 0.00134434 0.000393199 0.000996473 0.000967933 0.990831 0.000437237 0.00271986
2 0.000345792 0.000277862 0.000416475 0.000235399 0.99658 0.000649549 0.00025933 0.000386442 0.000336245 0.000512887
8 0.019405 0.00656703 0.00273729 0.00775811 0.00525523 0.0159973 0.109076 0.0427717 0.022768 0.767664
2 2.55569e-005 4.24805e-005 0.00052969 7.79803e-006 0.999335 8.63697e-006 7.88809e-006 1.56631e-005 1.37426e-005 1.38165e-005
9 5.19484e-013 0.999999 1.82864e-007 4.99914e-008 1.29957e-008 2.13475e-008 2.23863e-008 8.05622e-008 6.32914e-008 1.50773e-007
4 0.137103 0.0524156 0.144046 0.181074 0.0346451 0.0418292 0.0570655 0.2751 0.0574107 0.0193106
10 0.0061386 0.00332123 0.00513116 0.899147 0.00290998 0.0150221 0.00697455 0.051498 0.00471023 0.00514756
7 0.0076612 0.00129868 0.00380768 0.00181937 0.00413295 0.00183325 0.022163 0.00373484 0.952886 0.000662563
9 0.000586671 0.997271 0.000688506 0.000247551 0.000242321 0.000142974 0.000158501 0.000287591 0.000242828 0.000132296
6 0.957947 0.000997343 0.000801918 0.000446871 0.000939254 0.00142476 0.029553 0.00139889 0.00576535 0.000725336
5 0.00232452 0.000127362 6.18734e-005 5.14152e-005 0.000235044 0.000312798 0.995549 0.000781559 0.000458282 9.76914e-005
10 0.000235676 0.0012969 0.000749028 0.990749 0.000353904 0.00148706 0.000341015 0.00223376 0.000480788 0.0020726
2 0.0333946 0.00540474 0.016901 0.0133623 0.828042 0.00978111 0.0212088 0.0636703 0.00374832 0.00448704
8 7.93117e-008 4.04531e-008 5.24229e-008 6.20119e-008 3.53326e-008 1.25187e-007 1.34888e-007 1.61542e-007 5.11114e-008 0.999999
9 0.02106 0.823069 0.063888 0.0136816 0.0106396 0.0095778 0.0135628 0.026493 0.0127303 0.005298
9 0.00249924 0.984873 0.00441003 0.00125702 0.000517542 0.000664022 0.00187667 0.00169135 0.00124428 0.000966423
2 0.000736452 0.000638241 0.0211522 0.00121905 0.968005 0.00278283 0.00117566 0.0030426 0.00080973 0.00043873
3 7.52591e-005 0.000577677 0.997312 8.4928e-005 0.000154994 0.000232399 0.000148461 0.00125721 9.00064e-005 6.65652e-005
4 0.0032375 0.00165064 0.00328541 0.00169333 0.00180854 0.00515774 0.141898 0.829467 0.00181515 0.00998662
5 0.000414193 4.99009e-006 1.3079e-005 4.4932e-006 1.978e-005 9.96936e-005 0.996503 0.00275067 8.36476e-005 0.000106122
2 2.57878e-008 2.06565e-008 7.70241e-008 3.16922e-008 0.999952 9.96187e-006 3.61644e-006 1.73253e-006 1.32543e-005 1.96888e-005
4 0.000980599 0.00220664 0.00300971 0.00617588 0.00161415 0.00192427 0.00211373 0.97925 0.00152349 0.00120183
5 0.0273247 0.000747559 0.000374711 0.000456673 0.000369217 0.000652004 0.967899 0.00127925 0.000696184 0.000200232
5 0.237858 0.0355318 0.0436411 0.0194813 0.0865783 0.0252141 0.314358 0.100535 0.122761 0.0140415
2 4.17126e-011 4.24847e-011 9.34456e-011 1.75236e-011 1 2.95179e-008 3.758e-008 3.97317e-008 2.16076e-007 1.67603e-007
4 0.00042583 0.00291505 0.00780117 0.00436275 0.00172993 0.00163412 0.000531685 0.978504 0.0006256 0.00147027
3 0.001835 0.00369828 0.854288 0.0038233 0.000835389 0.0014015 0.000645509 0.127053 0.000996278 0.00542419
6 0.998405 0.000110826 7.37595e-005 3.19069e-005 8.76214e-005 2.69821e-005 0.000762476 0.000169018 0.000280739 5.13198e-005
4 0.00174464 0.0013715 0.0330711 0.00250649 0.0024195 0.0132108 0.0125845 0.909707 0.00133052 0.022054
6 0.961821 0.000925024 7.88032e-005 6.52717e-005 7.46592e-005 0.000230365 0.000996222 0.000111962 0.0355825 0.000114491
10 1.89217e-008 3.32303e-008 5.27887e-008 0.999901 5.16685e-006 1.4803e-005 9.28129e-006 2.53246e-005 1.4548e-005 2.96616e-005
3 0.000183086 0.000443111 0.986951 0.000104035 0.000174589 0.000350722 0.000110016 0.0114455 0.000178051 5.96871e-005
10 0.000173805 0.000244204 0.000701594 0.996104 0.000235843 0.000868352 0.000167813 0.000629156 0.000178959 0.000696202
1 0.000428694 0.000765916 0.000999987 0.000868444 0.00361943 0.988559 0.00121606 0.00253687 0.000556196 0.000449426
10 0.000437194 0.000530094 0.0018943 0.986795 0.000567117 0.0033569 0.000438337 0.00343422 0.00065152 0.00189556
7 5.40533e-005 3.77225e-005 0.000293411 1.07019e-005 6.55435e-005 0.000390777 0.000247088 0.000133301 0.998746 2.16336e-005
10 1.54491e-007 1.80548e-007 2.69119e-007 0.99968 1.34331e-006 6.85484e-005 3.96434e-006 3.35928e-005 1.99628e-005 0.000191935
6 0.992851 0.000258176 6.81826e-005 4.52679e-005 6.08119e-005 0.000199103 0.000331587 0.000121406 0.00565798 0.000406838
7 0.0269938 0.00094009 0.00139151 0.000696701 0.00228119 0.00332758 0.00306187 0.00266646 0.957327 0.00131376
5 0.00474153 0.0035277 0.00311726 0.0037009 0.00265275 0.0136893 0.925936 0.0227396 0.00278015 0.0171146
4 0.00141634 0.000910187 0.00377528 0.00288317 0.00279781 0.00376339 0.0135275 0.964068 0.00255332 0.00430492
6 0.518797 0.0277247 0.00754733 0.0079471 0.00343303 0.0461032 0.140388 0.0602175 0.0297479 0.158095
2 0.000243084 0.000291466 0.000316278 0.000208948 0.997472 0.000417955 0.000279059 0.000265798 0.00034563 0.00015968
3 0.00518406 0.0116066 0.710774 0.0195613 0.0061378 0.0469774 0.00975395 0.177387 0.0101929 0.00242468
1 6.42154e-005 8.7313e-005 0.000278623 0.00031879 7.37491e-005 0.997608 0.000473693 0.000250853 8.43263e-005 0.000760599
9 0.00651135 0.898339 0.0463835 0.00698415 0.00504475 0.0104259 0.00518809 0.0146422 0.00447681 0.00200402
10 0.00146759 0.00129716 0.00162461 0.987558 0.000897277 0.00126207 0.000446922 0.00403575 0.000862795 0.000548262
2 0.0806296 0.0234869 0.0462573 0.0428234 0.61368 0.0255465 0.023293 0.0792192 0.0521039 0.0129601
2 0.000698097 0.000989758 0.00296992 0.000499086 0.9902 0.00128484 0.00102349 0.00124099 0.000640937 0.000453293
10 0.00223515 0.00081336 0.00256616 0.558804 0.00102896 0.00378351 0.0027592 0.233243 0.000754843 0.194012
9 0.00271825 0.8988 0.072168 0.00122484 0.00362447 0.0106281 0.00186611 0.00696507 0.0014852 0.000520093
6 0.967729 0.000821485 0.000638479 0.000318354 0.00030411 0.00040323 0.0260992 0.00128849 0.0022202 0.000177701
9 0.000159091 0.919874 0.0787454 0.000232734 0.000152168 0.000125818 7.85936e-005 0.000442705 0.000145685 4.33883e-005
10 0.000387065 0.000281017 0.000118789 0.998032 3.57271e-005 0.000163141 0.000130112 0.000389029 0.000134468 0.00032899
5 0.00189081 0.000122964 4.08221e-005 2.95426e-005 3.37559e-005 7.41342e-005 0.996326 0.00104603 0.000399467 3.60277e-005
9 0.00731136 0.698887 0.178762 0.0157376 0.021136 0.0188837 0.00961854 0.0353348 0.00971429 0.00461485
3 0.000180378 0.000890374 0.995588 0.000176297 0.000855565 0.000714377 0.000381673 0.000831656 0.000270633 0.000111158
6 0.989987 0.000563891 9.43507e-005 0.000133678 0.000187543 0.000239755 0.00547824 0.000715363 0.00235778 0.000242628
8 0.000817123 0.000464448 0.000571355 0.000466135 0.000276654 0.0019576 0.0126983 0.022379 0.00304363 0.957326
4 2.45229e-005 4.50368e-005 0.000968842 0.000203649 3.42673e-005 0.00231017 0.000182319 0.990901 4.54646e-005 0.00528449
4 0.000348276 0.000702272 0.00745285 0.0380855 0.000832464 0.00118214 0.00116424 0.93832 0.000544812 0.011367
9 0.0589616 0.377434 0.0441814 0.0349852 0.0328672 0.0339731 0.245994 0.110741 0.0350702 0.0257911
10 6.4295e-005 0.000490602 9.53407e-005 0.998027 3.72614e-005 0.000188059 2.91755e-005 0.000803088 5.02976e-005 0.000215115
3 0.00388351 0.00955456 0.833213 0.0101759 0.0170152 0.00632182 0.00729017 0.10422 0.00465235 0.00367378
3 0.00069705 0.00337169 0.967897 0.00290403 0.00187016 0.00705811 0.00132202 0.0134691 0.000846187 0.000564941
10 0.00499243 0.00533823 0.00604024 0.518205 0.00353156 0.00411829 0.00597289 0.434076 0.00413308 0.013592
10 0.00134985 0.00330783 0.00330381 0.955161 0.0022067 0.00547452 0.00189602 0.0156503 0.0022442 0.00940597
4 0.000149365 0.000199141 0.000231443 0.00708641 0.000101995 0.000378784 0.000281627 0.989198 0.00017037 0.00220312
7 5.79617e-010 3.26542e-010 3.12456e-010 1.23093e-010 1.19231e-010 1.87678e-010 3.25651e-010 2.59005e-010 0.999998 1.57417e-006
10 3.30323e-011 3.07575e-011 4.89108e-011 0.999998 2.01738e-008 7.4785e-007 2.61476e-008 2.01868e-007 4.39487e-007 1.0283e-006
10 1.55925e-007 1.8013e-007 1.84256e-007 0.99968 5.89009e-007 5.74125e-005 8.6229e-006 5.07147e-005 4.25196e-005 0.000159123
5 0.0733382 0.0977051 0.0497915 0.162084 0.0417379 0.0276908 0.317106 0.150903 0.0274796 0.0521642
2 1.20304e-008 6.69904e-009 2.58913e-008 1.21972e-008 0.999979 4.36044e-006 1.18786e-006 7.28284e-007 6.19309e-006 7.99334e-006
10 0.00364392 0.0093994 0.0122378 0.621269 0.00413566 0.0102059 0.00585272 0.040882 0.0034753 0.288899
4 0.00104776 0.000520794 0.00109704 0.0502111 0.000615813 0.00354727 0.000792056 0.683589 0.000906625 0.257672
10 0.000806186 0.00028537 5.85785e-005 0.993815 1.12152e-005 0.000273603 0.000359669 0.00241162 0.000332073 0.00164637
5 0.0107943 0.000243876 0.000371531 0.00021442 0.000461935 0.00122262 0.977163 0.00775811 0.000403135 0.00136739
10 6.49106e-008 7.30888e-008 8.86883e-008 0.999941 5.88074e-007 2.54236e-005 3.86736e-007 9.00055e-006 4.28992e-006 1.88593e-005
3 0.000995482 0.00361942 0.977671 0.00118305 0.000763126 0.00174018 0.00316719 0.00987143 0.000646288 0.000342415
2 0.000728319 0.000780805 0.00509871 0.000632389 0.988596 0.000766789 0.00100671 0.00102622 0.000380531 0.000983534
2 0.000372039 0.000526453 0.0209547 0.000561534 0.972165 0.000905234 0.000361908 0.00267415 0.000925881 0.000553239
3 0.00402727 0.000600428 0.988958 0.000137873 0.000579246 0.00064164 0.00103237 0.00257654 0.00134746 9.91318e-005
3 0.00511405 0.00752432 0.769629 0.0152364 0.00275426 0.00458928 0.00376909 0.182746 0.00299622 0.00564142
3 0.00362309 0.00778161 0.92054 0.0085726 0.0120853 0.00451876 0.00415046 0.032942 0.00441775 0.00136839
6 0.869101 0.00651167 0.0117406 0.00679892 0.00234611 0.00319752 0.0251779 0.0161497 0.0575439 0.00143226
2 6.83786e-005 5.35591e-005 0.000714329 2.64102e-005 0.9989 2.04063e-005 2.23827e-005 6.57456e-005 0.000103115 2.55467e-005
7 0.00328468 0.00392482 0.306332 0.0012737 0.00142104 0.00619013 0.00424019 0.00709066 0.665735 0.000507441
3 0.0296633 0.0281063 0.640909 0.0198999 0.0434995 0.0242828 0.0437503 0.149942 0.0151694 0.00477709
7 7.38151e-010 3.50216e-010 3.03723e-010 1.96142e-010 1.7572e-010 3.31789e-010 5.28111e-010 3.31061e-010 0.999998 1.9409e-006
5 0.0233976 0.00494202 0.0176349 0.0215053 0.00912699 0.0461411 0.757976 0.103277 0.0100134 0.00598619
10 6.31304e-008 1.27359e-007 4.98511e-008 0.999923 5.03174e-008 5.75114e-006 2.59072e-006 8.83731e-006 2.11165e-005 3.80999e-005
2 0.00240733 0.00305535 0.00858622 0.00595059 0.960747 0.00512537 0.00358264 0.00586309 0.00269192 0.00199009
3 0.000433237 0.000758702 0.612443 0.000307616 0.382202 0.000380951 0.000605243 0.00233903 0.000359239 0.000170689
9 0.0197675 0.769966 0.0670068 0.0180192 0.0174857 0.015094 0.0176549 0.0315877 0.0364703 0.00694782
10 2.05823e-009 2.68372e-009 3.43823e-009 0.999978 1.02755e-007 4.3358e-006 4.97478e-007 2.20622e-006 6.15676e-006 8.46146e-006
7 4.77321e-009 2.01563e-009 1.51539e-009 1.2913e-009 1.51259e-009 3.32057e-009 7.25839e-009 2.07487e-009 0.999999 6.87378e-007
6 0.737673 0.00889578 0.0138767 0.00914271 0.0126607 0.0200472 0.165033 0.0152684 0.0145192 0.00288341
10 9.10972e-008 1.72152e-007 1.71266e-007 0.999714 5.21936e-007 6.77949e-005 1.05626e-006 2.79e-005 1.73919e-005 0.000170995
9 0.00433447 0.980484 0.00520324 0.0020935 0.000660462 0.00112695 0.00111975 0.00221539 0.00234571 0.000416733
9 2.72185e-012 0.999999 6.5829e-007 1.0226e-007 1.68909e-008 2.39888e-008 4.62954e-008 9.08929e-008 1.47492e-007 2.6282e-007
4 0.00374114 0.003125 0.0358676 0.0488141 0.00703283 0.00544396 0.0082207 0.879075 0.0038951 0.00478503
10 0.000534452 0.000673068 0.00050015 0.986036 0.000318663 0.000544411 0.000154492 0.0104411 0.000233694 0.000563946
9 0.0016272 0.93884 0.0340501 0.00483123 0.00207152 0.00416898 0.00243523 0.00709176 0.00320433 0.00167974
9 0.000678544 0.99394 0.001505 0.000526597 0.000441396 0.000334997 0.000306729 0.000674333 0.00119333 0.000398911
9 3.49109e-008 0.999867 7.22092e-005 7.73798e-006 1.64536e-006 5.12633e-006 3.86155e-006 1.02083e-005 1.94536e-005 1.31836e-005
8 0.00666248 0.0044822 0.00164779 0.0357047 0.00100271 0.00569007 0.00490458 0.046708 0.00319705 0.89
9 0.223614 0.615188 0.0349372 0.00210644 0.00193041 0.00467863 0.0523387 0.0105857 0.0531292 0.00149225
4 0.000224877 0.000248476 0.00100699 0.0013243 0.000228384 0.000325226 0.00038329 0.995333 0.000385801 0.000539806
9 0.000787163 0.998231 0.000367691 0.000107186 3.67412e-005 5.5062e-005 6.72594e-005 0.000128376 0.000148326 7.10429e-005
3 0.00284935 0.00595745 0.788093 0.00758846 0.00758615 0.0126988 0.00524882 0.164395 0.00352147 0.0020617
1 0.0174152 0.00696094 0.0182182 0.0123028 0.0180627 0.386623 0.221157 0.273052 0.0107151 0.0354933
7 1.92404e-008 7.10045e-009 8.16573e-009 9.74511e-009 9.86667e-009 6.14417e-009 1.23874e-008 1.12582e-008 0.999992 8.10395e-006
3 0.0123842 0.328465 0.364027 0.0400137 0.0154203 0.0563209 0.0151727 0.140001 0.0171703 0.0110252
4 0.0223733 0.012672 0.0306411 0.0529703 0.0411522 0.0237469 0.371242 0.394465 0.0251701 0.0255669
8 0.00249954 0.00152733 0.000747802 0.000597826 0.0005861 0.00721035 0.0160577 0.0113038 0.00485624 0.954613
2 0.000109797 0.000228938 0.000932963 0.000147068 0.997751 0.000128891 0.000112088 0.000249412 0.000211008 0.000129038
9 0.000358199 0.995266 0.00277864 0.000145014 7.30375e-005 0.000317662 0.000137264 0.00064604 0.000194177 8.34944e-005
10 0.000161064 0.000626096 0.00160678 0.994424 6.27577e-005 0.000622775 0.000318802 0.00167313 0.000333549 0.000171026
2 0.000296549 5.46778e-005 0.00015877 3.11007e-005 0.998091 0.000184465 0.000742075 8.69079e-005 7.50088e-005 0.000279521
4 0.0130111 0.0153268 0.00770181 0.0190918 0.00649443 0.0343286 0.0510496 0.714963 0.0179216 0.120111
6 0.998255 3.67483e-005 5.40422e-006 2.83661e-006 7.48268e-006 1.6123e-005 0.00107725 8.22987e-005 0.000432286 8.42696e-005
7 0.000164287 5.39041e-005 0.000355017 4.65923e-005 9.68161e-005 0.000158514 7.36391e-005 0.000366353 0.998585 9.94756e-005
3 0.0105821 0.211143 0.744821 0.00365234 0.00505323 0.00425802 0.00551258 0.00981255 0.00415092 0.00101466
2 0.00420599 0.001281 0.000790059 0.000783015 0.978292 0.00289638 0.00744156 0.00164693 0.00166079 0.00100254
10 0.000134242 0.000150603 0.000188577 0.998334 0.000102482 0.000287741 0.000139542 0.000228262 0.000215503 0.000218816
6 0.727837 0.000628753 0.00103479 0.000835757 0.00116611 0.00150418 0.25807 0.00359817 0.00202667 0.00329929
6 0.747913 0.0100751 0.0163317 0.00289699 0.0108627 0.012346 0.146606 0.0374307 0.0133988 0.00213902
5 0.00787802 0.00130392 0.00172377 0.000798729 0.000661316 0.00108793 0.798223 0.00174111 0.186226 0.000355858
6 0.975309 0.0008971 0.000494407 0.000135365 0.000469822 0.000857761 0.0193851 0.000721829 0.00124398 0.000486011
10 0.00711028 0.0107599 0.0679589 0.695609 0.00974582 0.0190082 0.0109318 0.13722 0.00908654 0.0325702
6 0.994758 0.000335623 0.000128053 3.64297e-005 9.5733e-005 0.000390193 0.00227194 0.000147619 0.00179836 3.80626e-005
10 0.0104766 0.00959149 0.0227556 0.633932 0.0273644 0.0691438 0.0501182 0.108389 0.0156481 0.0525817
4 0.00411226 0.00471418 0.326527 0.183512 0.00347924 0.00642549 0.00373705 0.452363 0.00233294 0.0127974
7 0.184142 0.00383178 0.0120888 0.00334393 0.00446623 0.00811808 0.0467483 0.00665168 0.729422 0.00118694
10 0.00383021 0.0030874 0.00159296 0.837822 0.00115635 0.00446938 0.00344975 0.0792326 0.0016211 0.0637378
4 0.0191237 0.0124564 0.414178 0.047219 0.0104544 0.0119126 0.0129033 0.444505 0.0184714 0.00877616
4 0.00179496 0.00116071 0.00403052 0.304605 0.000800431 0.00174306 0.00224833 0.680787 0.000907513 0.00192227
3 0.000821338 0.00269332 0.914381 0.00188564 0.0693665 0.000871201 0.00108726 0.0075552 0.000891086 0.000447177
2 6.13618e-009 5.8196e-009 1.55174e-008 7.87817e-009 0.99998 1.4825e-006 4.56331e-007 2.27827e-007 6.12027e-006 1.16301e-005
9 3.24423e-007 0.999476 0.00033037 2.00765e-005 1.58663e-005 1.50501e-005 2.14964e-005 5.99841e-005 4.14901e-005 1.94621e-005
2 0.000829507 0.00180313 0.00285789 0.00148651 0.985714 0.00213734 0.000602312 0.00171767 0.00244523 0.0004065
2 0.106062 0.0281751 0.0266267 0.0459444 0.341275 0.0522735 0.0725045 0.223267 0.0693472 0.0345246
3 0.0182587 0.0403038 0.269424 0.0812276 0.00951844 0.110474 0.0239032 0.133746 0.135976 0.177168
5 5.20663e-008 1.05756e-008 8.37339e-009 1.20155e-008 1.42843e-008 2.05558e-008 0.999987 2.06347e-006 1.00838e-005 1.08205e-006
10 3.35041e-008 2.80543e-008 4.09903e-008 0.999922 5.84675e-008 1.27369e-006 3.52581e-007 2.47132e-007 1.16298e-006 7.52596e-005
8 6.22819e-005 5.6161e-005 2.00438e-005 3.22924e-005 2.01654e-005 0.00020359 0.000140721 0.00480984 6.6596e-005 0.994588
3 0.000129982 0.000801785 0.996838 0.000137255 0.000380226 0.000343125 0.000166859 0.000849747 0.000213081 0.00013983
8 0.006084 0.0156851 0.0842102 0.0251798 0.0239436 0.105684 0.0274511 0.137234 0.0065134 0.568015
10 5.83667e-011 6.79823e-011 1.38812e-010 0.999996 2.43877e-008 5.66647e-007 2.52664e-008 1.05824e-007 1.67919e-007 2.83496e-006
2 0.00036991 0.000789951 0.000845142 0.000489053 0.994437 0.00130016 0.000310889 0.00069788 0.000441274 0.000318724
2 5.69292e-005 3.20317e-005 0.00105905 1.70086e-005 0.998562 1.37877e-005 1.14432e-005 0.000184063 2.84997e-005 3.49491e-005
3 0.0017516 0.00793651 0.915744 0.00491368 0.0200795 0.002613 0.00245301 0.0393061 0.00206995 0.00313223
3 0.00040502 0.000633313 0.970522 0.000677115 0.00322266 0.000456459 0.00204708 0.0212055 0.000274905 0.00055578
7 0.00163399 9.83117e-005 0.000240087 7.91323e-005 0.000236554 0.000301394 0.0075667 0.000507517 0.989143 0.000193193
3 0.000105943 0.00129435 0.994304 0.000163195 0.000488464 0.00024498 0.000119978 0.00304143 0.000168462 6.89922e-005
10 0.000153422 0.00357012 0.000648968 0.993066 0.000196596 0.00026059 0.00014619 0.00149929 0.000253359 0.000205
10 0.000868533 0.000471995 0.000274062 0.994271 0.00018952 0.00130398 0.000265446 0.00131083 0.000294723 0.000750108
1 0.00321826 0.00381258 0.10683 0.0104294 0.000814037 0.778657 0.00462865 0.0365265 0.000912648 0.0541711
3 1.85163e-010 1.81776e-010 0.999995 2.46396e-008 4.33868e-006 7.39518e-008 1.68972e-008 1.39793e-007 1.79669e-007 1.57005e-008
1 0.0148834 0.00608855 0.0753384 0.020195 0.0128362 0.474829 0.250006 0.127889 0.0049603 0.0129734
5 0.000147982 4.26289e-005 0.000114303 3.57431e-005 5.31068e-005 0.000429201 0.997943 0.000711154 0.000461038 6.16368e-005
6 0.999974 1.14942e-006 5.24282e-008 3.95071e-008 6.71188e-008 1.28536e-007 7.09269e-006 4.99542e-007 1.65472e-005 4.05507e-007
6 0.997749 0.000695416 2.78596e-005 6.7022e-006 8.92934e-006 2.11588e-005 0.00101396 3.53903e-005 0.00040152 4.02301e-005
5 0.00939626 0.00294945 0.00535479 0.00113425 0.000696827 0.00412793 0.959413 0.00485047 0.0103606 0.00171674
2 0.0291685 0.0881869 0.0809289 0.0262005 0.223013 0.0933708 0.219547 0.187007 0.0277473 0.0248306
5 0.0049623 0.00251021 0.00575644 0.00303262 0.00217809 0.0178257 0.90731 0.0344041 0.0051275 0.0168933
5 0.0343363 0.00811033 0.00768236 0.00559235 0.00369978 0.0297065 0.637283 0.173311 0.0389737 0.0613047
1 0.00541601 0.0026658 0.0102677 0.00309727 0.00253015 0.955486 0.00635147 0.00927775 0.00192269 0.00298561
6 0.997659 5.432e-006 1.54477e-006 9.73787e-007 9.87319e-007 3.73457e-006 0.0014521 0.000112786 0.000641266 0.000122446
8 5.05454e-005 7.77209e-005 1.06829e-005 3.22984e-005 9.66708e-006 0.000680062 5.6473e-005 0.00023187 0.000178607 0.998672
2 0.00205644 0.0024261 0.0162724 0.00156036 0.956733 0.00990811 0.00200542 0.00497757 0.00330352 0.000756596
1 0.000356218 0.000212716 0.000373576 0.000210324 0.000785622 0.991283 0.00173248 0.00392591 0.000667858 0.000452164
4 0.0010346 0.00212573 0.00306773 0.126901 0.00112541 0.00165945 0.00100982 0.851374 0.000632709 0.01107
6 0.997983 3.51455e-005 0.000125461 9.7997e-006 0.000251447 2.71818e-005 0.000856651 6.63931e-005 0.000629637 1.54986e-005
10 0.000691986 0.00230389 0.0166034 0.97021 0.00127547 0.00215385 0.000610004 0.004393 0.000890137 0.000868293
4 0.00328311 0.00422926 0.0119603 0.101021 0.00263007 0.0129505 0.00446335 0.830831 0.00455602 0.0240751
8 0.0059861 0.00315964 0.0293718 0.0125436 0.0100503 0.0898623 0.109736 0.251565 0.00378672 0.483939
1 0.000187499 0.000447002 0.000168997 0.00019923 0.000300126 0.996853 0.00031735 0.000806683 0.000357611 0.00036244
10 0.000222077 0.00118671 0.000809261 0.990146 0.000207359 0.000646125 0.000298336 0.00466912 0.000662773 0.00115206
10 0.000205027 0.000310417 0.000128737 0.996785 0.000127924 0.000755487 0.000209869 0.000637793 0.00014164 0.000698009
7 0.0258537 0.0253722 0.0341561 0.0764757 0.0700208 0.0349268 0.109551 0.0919648 0.519291 0.0123877
1 0.00224301 0.00107705 0.000672512 0.000769129 0.000545749 0.970663 0.0114625 0.00323442 0.00175394 0.00757876
4 0.0213298 0.0480676 0.0655975 0.262084 0.00541347 0.0348872 0.0116892 0.523331 0.0225069 0.00509248
5 9.22161e-008 2.12189e-008 1.81019e-008 1.52543e-008 1.99338e-008 7.40609e-008 0.999991 8.89472e-007 6.5646e-006 8.38647e-007
8 0.000241571 0.000181035 5.15323e-005 0.0608589 3.4385e-005 0.000608829 0.000136769 0.00925757 0.00010201 0.928527
2 0.000616945 0.00058239 0.00143099 0.000571596 0.989717 0.00155524 0.00235957 0.000857358 0.00132623 0.000982537
2 1.05898e-009 8.15148e-010 1.72101e-009 8.10707e-010 0.999992 1.95718e-006 1.23891e-006 3.17664e-007 2.28845e-006 1.93441e-006
9 0.000443866 0.993517 0.0023597 0.000580537 0.000316599 0.00054882 0.000294364 0.000767747 0.000992455 0.000179365
5 0.00303069 0.000252703 0.000579127 0.000295375 0.000400989 0.00181777 0.981258 0.00184284 0.00850354 0.00201859
10 0.0001949 0.00179386 0.000389998 0.972509 0.000223781 0.00173373 0.000218393 0.00983817 0.000244232 0.0128537
1 0.00327364 0.000244801 5.2043e-005 1.52285e-005 7.20344e-005 0.993538 0.00215576 7.72235e-005 0.000535443 3.6038e-005
1 0.0160389 0.0051861 0.0148646 0.0346361 0.0115504 0.740369 0.122608 0.0464071 0.00655409 0.00178622
5 0.00745888 0.00455746 0.00495291 0.00491146 0.00418619 0.00421979 0.769834 0.0193781 0.179281 0.00122029
7 0.00152994 2.64165e-006 1.57403e-006 9.27816e-008 5.64793e-008 3.66858e-007 6.93064e-005 2.80477e-007 0.998395 3.96654e-007
5 0.00705704 2.81777e-005 3.18541e-005 2.51973e-005 0.000112351 0.000263594 0.990689 0.0012303 0.000293898 0.000269077
4 0.0114365 0.00693781 0.131796 0.0885577 0.00792214 0.00582925 0.0134062 0.706028 0.00417343 0.0239122
4 0.00721712 0.00783202 0.367679 0.0205469 0.0124415 0.0401893 0.0302941 0.485579 0.00974761 0.0184734
6 0.999999 3.36414e-008 1.42167e-008 1.52432e-008 1.92153e-008 2.42568e-008 7.34612e-007 2.84242e-008 5.40192e-008 1.97313e-008
10 0.000691964 0.000593217 7.98143e-005 0.992926 3.81148e-005 0.00298741 0.000131834 0.00170415 0.0002887 0.000558739
3 0.000596863 0.000841084 0.995437 0.000168465 0.000113315 0.000987411 0.000294023 0.000934362 0.000592781 3.4197e-005
5 0.000712501 0.000308225 0.000390108 0.000249982 0.000248648 0.000918264 0.993731 0.00207498 0.00118587 0.000180222
7 2.41132e-008 7.86469e-009 1.20907e-008 7.28482e-009 8.11518e-009 9.73509e-009 2.1763e-008 1.98935e-008 0.999993 7.3152e-006
4 0.0387142 0.0186779 0.00715733 0.389504 0.00312859 0.00881936 0.015577 0.463045 0.0163943 0.0389819
1 9.21776e-005 0.000107141 0.000104217 0.000420624 0.000135565 0.997371 0.000386604 0.000469646 0.000175308 0.000737264
5 0.0376869 0.00388584 0.000345244 0.00345216 0.000282604 0.00576586 0.915859 0.0157571 0.0120567 0.00490822
3 3.07279e-005 0.000110282 0.992256 2.97429e-005 3.24752e-005 0.000658745 0.000272336 0.00290956 5.47883e-005 0.00364508
6 0.792006 0.00496484 0.00494119 0.00692409 0.0580412 0.0154388 0.0781322 0.0195098 0.0175967 0.00244543
3 3.17079e-005 0.000185666 0.998758 4.05571e-005 0.00020835 8.47788e-005 3.07332e-005 0.000582122 6.67516e-005 1.12056e-005
3 0.0034809 0.0072684 0.943123 0.00635552 0.0056181 0.0058191 0.00359155 0.0189248 0.00447293 0.00134529
4 0.00952838 0.018041 0.00719592 0.0445363 0.0126024 0.0223048 0.0250984 0.832073 0.0145064 0.0141134
5 0.0401992 0.0355899 0.0624384 0.0311101 0.00635004 0.0815799 0.508613 0.104948 0.0678964 0.0612749
10 0.000483725 0.000376517 0.00027878 0.994928 0.000305144 0.00091355 0.000450428 0.000983819 0.000301715 0.000978001
4 0.000639188 0.0010573 0.00186881 0.00631904 0.000400255 0.000797785 0.000450939 0.986924 0.000440484 0.00110266
4 0.00185368 0.00426871 0.123944 0.00512222 0.00554718 0.00710318 0.00501305 0.840333 0.00309346 0.00372112
9 0.00643219 0.98783 0.00099546 0.000651014 0.000194248 0.000297407 0.00111245 0.0015191 0.000552895 0.000415344
10 0.000416032 0.000423069 0.000363428 0.996392 0.000105806 0.00045972 0.000158271 0.000992299 0.000247743 0.000441933
10 0.0143343 0.0357714 0.0559783 0.53622 0.0238133 0.0264486 0.0288097 0.249453 0.0167156 0.0124559
4 0.00419608 0.00612714 0.0140131 0.00954853 0.0280586 0.0751498 0.0064164 0.84788 0.00590546 0.00270483
5 4.69776e-008 1.13964e-008 1.45112e-008 1.0143e-008 1.1217e-008 2.23029e-008 0.999948 5.85286e-006 4.48378e-005 1.00236e-006
4 0.000148338 0.000545818 0.00115639 0.00406755 6.91258e-005 0.000569329 0.000117939 0.973497 0.000119365 0.0197091
3 0.0022143 0.00215526 0.913127 0.00230995 0.00350569 0.0349279 0.00283756 0.0139972 0.0240137 0.000911266
